General parameters 

20 67 720 750


Customer schedules 

0 0	0 [0,720]	
1 31	1 [0,59]	2 [190,247]	3 [378,720]	
2 52	4 [0,720]	
3 80	5 [0,36]	6 [231,275]	7 [529,552]	8 [615,720]	
4 60	9 [0,79]	10 [92,98]	11 [142,350]	12 [398,425]	13 [486,720]	
5 69	14 [0,14]	15 [59,169]	16 [311,425]	17 [529,720]	
6 40	18 [0,720]	
7 29	19 [0,62]	20 [63,358]	21 [359,720]	
8 62	22 [0,33]	23 [257,262]	24 [438,502]	25 [705,720]	
9 36	26 [0,43]	27 [149,186]	28 [465,500]	29 [673,720]	
10 56	30 [0,22]	31 [111,154]	32 [329,372]	33 [506,529]	34 [678,720]	
11 68	35 [0,720]	
12 46	36 [0,92]	37 [134,248]	38 [383,469]	39 [566,566]	40 [647,720]	
13 35	41 [0,101]	42 [140,269]	43 [345,359]	44 [404,425]	45 [516,557]	46 [639,720]	
14 31	47 [0,720]	
15 64	48 [0,27]	49 [66,93]	50 [177,180]	51 [216,303]	52 [429,720]	
16 55	53 [0,6]	54 [50,170]	55 [319,392]	56 [520,545]	57 [605,640]	58 [705,720]	
17 28	59 [0,720]	
18 56	60 [0,720]	
19 49	61 [0,720]	
20 33	62 [0,29]	63 [223,236]	64 [402,443]	65 [488,720]	
21 0	66 [0,720]	


Location coordinates

0 0 0
1 -45.4947571916 115.397416084
2 -89.0298030481 66.5765845466
3 -45.4947571916 115.397416084
4 2.9190561026 -24.9756657508
5 12.3695048108 -41.9005337649
6 -16.5890943663 -134.909848809
7 9.42512395067 -10.7839554344
8 12.3695048108 -41.9005337649
9 40.1244898289 90.4438368121
10 34.8200885476 93.7509404409
11 22.409026817 111.786887218
12 45.0543262011 120.432608282
13 40.1244898289 90.4438368121
14 -1.69261026499 0.795651039849
15 -20.5622566873 13.4448907432
16 49.8812694409 6.17809804809
17 -1.69261026499 0.795651039849
18 67.4469768592 13.8937171119
19 110.389635962 -97.1577503939
20 110.155704671 -96.9446985269
21 110.389635962 -97.1577503939
22 36.0262650844 47.4728570105
23 141.200782532 8.46632577791
24 72.8837401048 -47.0266021046
25 36.0262650844 47.4728570105
26 32.9833332189 -37.4370152708
27 80.1244801575 -12.7702134824
28 -39.8383562959 -84.3817550922
29 32.9833332189 -37.4370152708
30 -85.4590530229 -92.1761929383
31 -78.8727731204 -136.196655556
32 -9.9112597541 -82.5754339073
33 -48.4324947332 -27.8059231114
34 -85.4590530229 -92.1761929383
35 -78.6916006613 -18.5163291485
36 3.3029771156 -2.26676022321
37 -8.06855539378 -19.7619108937
38 9.94355648209 45.5482329066
39 42.2476490995 9.27573665332
40 3.3029771156 -2.26676022321
41 -87.7052573591 -58.1420625629
42 -103.83721842 -68.8733036978
43 -76.2709424117 -42.9396262588
44 -86.0294134507 -63.301379317
45 -77.0562981142 -18.5237620116
46 -87.7052573591 -58.1420625629
47 -67.3739676628 5.45550886378
48 53.1270276388 131.421724592
49 71.3115737721 138.845719064
50 102.47839066 167.250777633
51 112.468730092 152.340282237
52 53.1270276388 131.421724592
53 59.5071728575 36.9747734906
54 77.4391030506 50.0197209363
55 3.61485018797 60.3834363992
56 66.9917066163 68.0106724513
57 89.6770987283 48.755634824
58 59.5071728575 36.9747734906
59 -28.7936958526 -24.8486757545
60 94.261932893 118.716803727
61 14.3548158037 28.9508773371
62 75.1273784028 52.0895587393
63 153.701150754 108.990849769
64 78.5426399883 74.2604512772
65 75.1273784028 52.0895587393
66 0 0


Travel time matrix 

(32, 54) 318 159
(31, 6) 125 62
(53, 53) 0 0
(57, 50) 238 119
(40, 22) 119 60
(21, 28) 302 151
(4, 36) 45 23
(43, 3) 322 161
(8, 63) 413 206
(7, 25) 128 64
(65, 50) 237 118
(46, 12) 445 222
(29, 44) 243 122
(33, 41) 99 50
(16, 47) 235 117
(36, 34) 253 126
(1, 64) 261 131
(58, 19) 287 143
(41, 57) 414 207
(61, 38) 34 17
(44, 34) 58 29
(9, 0) 198 99
(48, 37) 326 163
(12, 59) 326 163
(34, 8) 220 110
(15, 30) 248 124
(37, 13) 240 120
(24, 14) 177 89
(62, 31) 486 243
(45, 61) 206 103
(66, 66) 0 0
(49, 58) 205 103
(13, 20) 400 200
(52, 17) 283 142
(0, 55) 121 60
(20, 58) 286 143
(3, 2) 131 65
(25, 49) 196 98
(64, 20) 348 174
(28, 10) 386 193
(50, 27) 362 181
(31, 15) 321 161
(53, 62) 43 22
(1, 40) 255 127
(57, 59) 279 139
(40, 29) 92 46
(21, 37) 283 141
(4, 35) 163 82
(8, 38) 175 87
(7, 22) 128 64
(65, 11) 159 80
(46, 23) 477 238
(29, 37) 89 45
(33, 34) 149 74
(16, 38) 112 56
(36, 41) 213 107
(58, 26) 158 79
(41, 34) 68 34
(22, 12) 147 73
(61, 63) 321 161
(44, 25) 329 165
(9, 9) 0 0
(66, 42) 249 124
(12, 50) 148 74
(34, 3) 422 211
(17, 57) 206 103
(37, 54) 220 110
(59, 9) 269 134
(24, 21) 125 62
(42, 20) 432 216
(45, 54) 338 169
(49, 51) 87 43
(13, 13) 0 0
(52, 24) 359 179
(0, 14) 4 2
(38, 31) 405 202
(3, 11) 136 68
(25, 58) 51 26
(28, 1) 400 200
(50, 18) 314 157
(53, 7) 138 69
(1, 33) 286 143
(57, 60) 140 70
(40, 4) 45 23
(21, 46) 404 202
(4, 42) 231 115
(8, 45) 185 92
(7, 15) 77 39
(65, 12) 149 75
(46, 30) 68 34
(29, 62) 198 99
(33, 59) 40 20
(16, 29) 94 47
(54, 46) 394 197
(2, 64) 335 168
(58, 37) 176 88
(41, 43) 38 19
(22, 7) 128 64
(5, 53) 184 92
(61, 56) 131 66
(44, 16) 305 152
(9, 50) 198 99
(66, 37) 43 21
(47, 5) 185 93
(12, 41) 445 222
(34, 26) 261 130
(17, 50) 393 196
(37, 63) 413 206
(59, 14) 75 37
(24, 28) 238 119
(62, 9) 104 52
(45, 47) 52 26
(10, 19) 411 205
(49, 52) 39 20
(13, 6) 465 232
(0, 5) 87 44
(38, 22) 52 26
(25, 3) 212 106
(45, 64) 362 181
(28, 24) 238 119
(50, 13) 198 99
(53, 0) 140 70
(1, 58) 262 131
(40, 11) 231 115
(21, 55) 381 190
(4, 17) 52 26
(26, 34) 261 130
(7, 4) 31 16
(65, 5) 226 113
(46, 33) 99 50
(11, 65) 159 80
(33, 60) 409 205
(16, 20) 239 119
(54, 33) 296 148
(19, 1) 527 263
(17, 64) 218 109
(41, 44) 11 5
(22, 30) 370 185
(5, 62) 226 113
(61, 49) 248 124
(44, 15) 202 101
(9, 59) 269 134
(66, 60) 303 152
(47, 2) 130 65
(12, 32) 421 210
(34, 21) 392 196
(17, 43) 173 86
(37, 56) 231 115
(59, 7) 81 41
(42, 53) 389 194
(62, 48) 165 82
(45, 40) 164 82
(10, 26) 262 131
(49, 45) 433 216
(13, 63) 230 115
(0, 28) 187 93
(38, 9) 108 54
(25, 4) 159 80
(63, 19) 421 210
(28, 23) 407 203
(50, 4) 433 216
(14, 38) 92 46
(53, 9) 114 57
(1, 51) 324 162
(21, 48) 471 235
(4, 24) 147 73
(26, 45) 223 112
(65, 30) 431 216
(46, 40) 213 107
(29, 48) 340 170
(33, 53) 252 126
(16, 11) 218 109
(54, 56) 42 21
(19, 6) 265 132
(58, 55) 121 61
(41, 21) 404 202
(22, 17) 120 60
(5, 39) 119 59
(44, 6) 199 100
(9, 60) 122 61
(66, 55) 121 60
(47, 11) 278 139
(30, 49) 558 279
(34, 44) 58 29
(17, 44) 212 106
(56, 1) 244 122
(37, 33) 82 41
(59, 28) 121 61
(42, 60) 546 273
(62, 59) 258 129
(29, 54) 196 98
(10, 5) 275 137
(49, 38) 223 112
(30, 64) 467 233
(13, 56) 70 35
(35, 23) 443 221
(0, 19) 294 147
(38, 0) 93 47
(25, 13) 86 43
(63, 24) 351 176
(50, 63) 155 78
(14, 41) 209 104
(53, 18) 49 24
(1, 52) 200 100
(21, 57) 295 147
(4, 7) 31 16
(26, 52) 340 170
(65, 23) 158 79
(46, 51) 581 290
(29, 9) 256 128
(51, 36) 379 189
(16, 2) 302 151
(54, 51) 216 108
(19, 15) 343 171
(2, 45) 172 86
(58, 62) 43 22
(41, 30) 68 34
(22, 40) 119 60
(5, 32) 93 46
(9, 37) 240 120
(66, 14) 4 2
(47, 16) 235 117
(30, 56) 442 221
(34, 39) 326 163
(17, 37) 43 22
(56, 8) 245 123
(37, 42) 215 107
(59, 21) 314 157
(42, 39) 331 165
(23, 11) 315 157
(6, 65) 417 208
(62, 34) 431 216
(45, 26) 223 112
(10, 12) 57 29
(13, 49) 115 58
(35, 28) 153 76
(18, 60) 216 108
(55, 65) 144 72
(38, 59) 161 80
(60, 12) 98 49
(25, 22) 0 0
(63, 1) 399 199
(27, 64) 174 87
(50, 54) 239 120
(14, 48) 283 142
(53, 27) 108 54
(1, 13) 178 89
(21, 66) 294 147
(4, 14) 52 26
(26, 63) 380 190
(46, 58) 350 175
(29, 2) 321 160
(51, 45) 510 255
(54, 10) 122 61
(19, 20) 1 0
(2, 36) 230 115
(58, 57) 65 32
(41, 7) 216 108
(22, 35) 265 132
(5, 41) 203 101
(9, 46) 392 196
(66, 9) 198 99
(47, 25) 223 112
(30, 35) 148 74
(34, 62) 431 216
(17, 30) 250 125
(56, 15) 206 103
(55, 41) 299 150
(59, 42) 174 87
(42, 46) 39 19
(23, 0) 283 141
(6, 56) 438 219
(62, 37) 219 110
(45, 19) 407 203
(10, 55) 91 46
(32, 8) 93 46
(13, 42) 429 215
(35, 5) 188 94
(18, 55) 158 79
(38, 50) 306 153
(60, 11) 144 72
(25, 31) 433 216
(63, 14) 379 189
(11, 28) 411 206
(50, 49) 84 42
(14, 59) 75 37
(1, 6) 503 252
(39, 17) 90 45
(26, 6) 219 109
(42, 64) 464 232
(46, 61) 268 134
(29, 27) 106 53
(51, 50) 36 18
(39, 26) 95 48
(54, 13) 110 55
(19, 29) 196 97
(2, 63) 493 246
(41, 8) 203 101
(22, 58) 51 26
(5, 18) 157 78
(27, 45) 315 157
(66, 0) 0 0
(47, 38) 174 87
(30, 42) 59 30
(34, 57) 449 225
(17, 23) 286 143
(56, 22) 74 37
(55, 38) 32 16
(20, 4) 258 129
(59, 35) 100 50
(42, 41) 39 19
(23, 25) 224 112
(6, 51) 629 315
(62, 44) 396 198
(45, 12) 370 185
(10, 62) 116 58
(32, 15) 193 97
(13, 35) 322 161
(35, 10) 319 160
(18, 46) 342 170
(38, 53) 101 50
(60, 2) 381 191
(43, 58) 315 157
(63, 55) 316 158
(11, 21) 453 226
(50, 40) 393 196
(14, 2) 218 109
(18, 65) 78 39
(1, 31) 508 254
(39, 14) 90 45
(22, 66) 119 60
(26, 1) 344 172
(48, 30) 526 263
(29, 20) 195 97
(51, 59) 453 227
(15, 33) 100 50
(54, 4) 211 106
(19, 34) 392 196
(2, 54) 335 167
(22, 61) 57 29
(5, 27) 148 74
(27, 34) 367 183
(66, 27) 162 81
(47, 47) 0 0
(30, 45) 148 74
(34, 48) 526 263
(17, 8) 90 45
(0, 64) 216 108
(56, 29) 222 111
(37, 64) 256 128
(20, 3) 526 263
(59, 56) 267 133
(42, 16) 342 170
(23, 22) 224 112
(6, 42) 219 109
(64, 45) 362 181
(45, 5) 185 92
(10, 57) 142 71
(49, 66) 312 156
(32, 6) 106 53
(31, 54) 486 243
(35, 51) 512 256
(18, 41) 342 170
(57, 2) 359 179
(38, 44) 290 145
(60, 25) 184 92
(43, 51) 543 271
(63, 60) 120 60
(11, 10) 44 22
(50, 35) 519 259
(14, 5) 90 45
(36, 18) 132 66
(1, 16) 290 145
(39, 7) 77 38
(43, 64) 388 194
(26, 8) 42 21
(48, 21) 471 235
(51, 0) 379 189
(15, 46) 196 98
(54, 31) 486 243
(19, 43) 389 194
(2, 49) 351 176
(22, 52) 171 86
(5, 4) 39 19
(9, 65) 104 52
(66, 18) 138 69
(47, 52) 349 174
(30, 20) 391 196
(52, 33) 378 189
(17, 1) 245 123
(56, 36) 190 95
(55, 52) 173 87
(20, 10) 410 205
(3, 50) 314 157
(59, 49) 384 192
(42, 27) 384 192
(23, 47) 417 208
(6, 45) 262 131
(64, 36) 215 107
(10, 32) 364 182
(32, 29) 125 62
(31, 63) 675 337
(35, 56) 339 169
(18, 32) 247 124
(57, 11) 184 92
(38, 39) 97 49
(17, 28) 187 93
(60, 16) 242 121
(43, 40) 178 89
(8, 22) 185 92
(63, 37) 413 206
(11, 3) 136 68
(14, 12) 257 128
(36, 25) 119 60
(55, 43) 261 131
(39, 60) 242 121
(61, 15) 76 38
(26, 19) 196 97
(48, 12) 27 14
(51, 9) 190 95
(15, 55) 106 53
(54, 22) 83 41
(19, 48) 471 235
(2, 8) 297 148
(24, 37) 171 85
(5, 13) 270 135
(27, 48) 293 147
(47, 61) 170 85
(30, 31) 89 45
(34, 66) 251 126
(56, 43) 362 181
(55, 13) 95 47
(20, 17) 297 149
(3, 59) 282 141
(59, 54) 259 130
(42, 2) 273 136
(23, 36) 277 138
(6, 36) 268 134
(64, 59) 292 146
(10, 43) 352 176
(32, 20) 242 121
(31, 36) 314 157
(35, 33) 63 32
(18, 27) 59 30
(57, 12) 169 84
(40, 52) 285 143
(60, 47) 395 197
(43, 33) 63 32
(8, 29) 42 21
(7, 63) 375 187
(63, 34) 625 312
(28, 64) 396 198
(11, 56) 125 62
(33, 11) 313 157
(14, 23) 286 143
(36, 0) 8 4
(39, 53) 65 33
(31, 66) 315 157
(61, 8) 142 71
(26, 26) 0 0
(48, 3) 200 100
(12, 25) 147 73
(51, 14) 379 190
(15, 60) 312 156
(19, 57) 295 147
(2, 3) 131 65
(24, 44) 319 160
(65, 16) 105 52
(27, 9) 221 111
(47, 58) 261 130
(30, 6) 162 81
(52, 55) 173 87
(56, 50) 211 105
(55, 10) 91 46
(20, 24) 125 62
(3, 32) 402 201
(42, 13) 429 215
(23, 61) 257 128
(6, 31) 125 62
(64, 50) 192 96
(28, 40) 186 93
(32, 43) 155 77
(31, 45) 235 117
(35, 38) 219 109
(18, 18) 0 0
(57, 21) 295 147
(40, 59) 78 39
(21, 7) 266 133
(4, 65) 211 106
(60, 38) 223 112
(43, 38) 247 123
(8, 4) 39 19
(7, 52) 298 149
(63, 43) 551 275
(11, 49) 112 56
(39, 66) 87 43
(33, 12) 351 175
(14, 30) 250 125
(53, 65) 43 22
(36, 15) 57 29
(39, 50) 338 169
(61, 1) 210 105
(44, 63) 590 295
(48, 58) 189 95
(12, 16) 229 114
(51, 23) 293 147
(15, 5) 129 64
(19, 62) 307 153
(2, 26) 321 160
(24, 51) 406 203
(27, 14) 166 83
(60, 34) 554 277
(49, 29) 361 180
(30, 9) 443 222
(52, 62) 165 82
(0, 44) 214 107
(56, 57) 60 30
(55, 3) 147 74
(20, 39) 252 126
(3, 41) 357 179
(23, 58) 173 87
(6, 22) 380 189
(64, 9) 83 42
(28, 39) 249 125
(47, 49) 385 192
(32, 34) 152 76
(13, 64) 83 42
(56, 2) 312 156
(35, 47) 53 27
(18, 13) 163 81
(57, 30) 449 225
(40, 34) 253 126
(21, 0) 294 147
(60, 61) 240 120
(43, 31) 187 93
(8, 11) 308 154
(7, 45) 174 87
(65, 46) 393 196
(11, 54) 165 83
(33, 5) 125 62
(16, 59) 169 84
(36, 54) 181 91
(58, 7) 138 69
(39, 43) 259 130
(61, 26) 138 69
(44, 54) 397 199
(7, 66) 29 14
(48, 49) 39 20
(12, 15) 251 126
(51, 28) 563 281
(15, 2) 173 87
(37, 17) 43 22
(2, 21) 516 257
(55, 49) 207 104
(24, 58) 170 85
(27, 7) 141 71
(49, 22) 196 98
(52, 5) 356 178
(0, 35) 162 81
(55, 24) 256 128
(20, 46) 403 202
(3, 46) 357 179
(23, 51) 293 147
(6, 9) 465 232
(64, 0) 216 108
(28, 62) 357 178
(32, 57) 330 165
(31, 19) 386 193
(53, 34) 388 194
(18, 4) 151 75
(57, 39) 123 62
(40, 41) 213 107
(21, 9) 400 200
(4, 55) 170 85
(60, 52) 86 43
(43, 20) 388 194
(8, 50) 455 228
(7, 42) 254 127
(65, 39) 108 54
(46, 3) 357 179
(11, 47) 278 139
(33, 30) 149 74
(16, 50) 339 169
(36, 61) 66 33
(58, 14) 142 71
(39, 32) 211 105
(61, 19) 317 158
(44, 45) 91 46
(9, 21) 400 200
(48, 40) 285 143
(12, 6) 525 262
(16, 65) 105 52
(15, 11) 215 107
(37, 26) 89 45
(24, 1) 402 201
(62, 18) 78 39
(27, 28) 279 140
(49, 15) 311 155
(52, 12) 27 14
(0, 58) 140 70
(55, 17) 120 60
(20, 53) 286 143
(3, 23) 430 215
(25, 38) 52 26
(6, 0) 272 136
(64, 7) 219 110
(28, 53) 314 157
(40, 65) 180 90
(32, 48) 446 223
(31, 24) 352 176
(14, 64) 218 109
(53, 43) 315 157
(57, 40) 201 100
(40, 16) 95 47
(21, 18) 238 119
(4, 62) 211 106
(60, 51) 76 38
(43, 13) 354 177
(8, 57) 238 119
(7, 35) 177 88
(65, 56) 36 18
(46, 10) 390 195
(11, 36) 231 115
(33, 23) 386 193
(16, 41) 304 151
(36, 36) 0 0
(37, 20) 282 141
(58, 9) 114 57
(41, 55) 299 150
(61, 44) 272 136
(44, 36) 216 108
(9, 30) 443 222
(48, 47) 349 174
(12, 61) 193 96
(34, 14) 250 125
(15, 16) 142 71
(37, 3) 280 140
(41, 64) 425 213
(24, 8) 121 61
(62, 21) 307 153
(27, 21) 179 89
(49, 0) 312 156
(13, 26) 256 128
(52, 11) 73 36
(0, 49) 312 156
(20, 60) 432 216
(3, 28) 400 200
(23, 65) 158 79
(64, 30) 467 233
(28, 12) 443 221
(32, 55) 287 143
(31, 1) 508 254
(53, 52) 189 95
(57, 49) 184 92
(40, 23) 277 138
(21, 27) 179 89
(4, 37) 24 12
(43, 2) 220 110
(8, 32) 93 46
(7, 24) 146 73
(65, 49) 174 87
(46, 13) 392 196
(29, 43) 219 109
(33, 40) 115 58
(16, 32) 214 107
(36, 35) 167 84
(58, 16) 65 32
(41, 56) 399 200
(22, 10) 93 46
(61, 37) 107 53
(44, 35) 91 45
(9, 7) 212 106
(48, 38) 192 96
(12, 52) 27 14
(34, 9) 443 222
(15, 25) 132 66
(37, 12) 300 149
(24, 15) 222 111
(42, 23) 513 257
(45, 60) 439 220
(49, 57) 184 92
(13, 19) 400 200
(52, 18) 237 118
(0, 8) 87 44
(20, 59) 313 157
(3, 5) 335 167
(25, 48) 171 86
(64, 21) 349 174
(28, 11) 411 206
(50, 24) 432 216
(31, 14) 314 157
(53, 61) 92 46
(1, 47) 224 112
(57, 58) 65 32
(40, 30) 253 126
(21, 36) 286 143
(4, 44) 194 97
(8, 39) 119 59
(7, 17) 32 16
(65, 10) 116 58
(46, 20) 403 202
(29, 36) 92 46
(33, 33) 0 0
(16, 39) 16 8
(36, 42) 252 126
(58, 27) 108 54
(41, 33) 99 50
(22, 13) 86 43
(61, 62) 130 65
(26, 64) 241 121
(9, 8) 270 135
(66, 43) 175 88
(12, 51) 149 75
(34, 0) 251 126
(17, 56) 192 96
(37, 53) 176 88
(59, 8) 89 45
(24, 22) 203 101
(62, 7) 181 91
(45, 53) 295 147
(49, 50) 84 42
(13, 12) 61 30
(52, 25) 171 86
(0, 15) 49 25
(38, 28) 278 139
(3, 10) 166 83
(25, 57) 107 53
(28, 2) 318 159
(50, 19) 529 264
(66, 10) 200 100
(53, 6) 376 188
(1, 32) 402 201
(40, 5) 81 41
(21, 45) 407 203
(4, 43) 162 81
(8, 46) 203 101
(7, 14) 32 16
(65, 3) 272 136
(46, 31) 157 78
(29, 61) 138 69
(33, 58) 252 126
(16, 30) 335 167
(54, 47) 303 152
(2, 65) 330 165
(15, 31) 321 161
(41, 42) 39 19
(22, 4) 159 80
(5, 52) 356 178
(61, 55) 66 33
(44, 17) 212 106
(9, 49) 115 58
(66, 34) 251 126
(47, 4) 153 76
(12, 42) 482 241
(51, 65) 214 107
(34, 27) 367 183
(17, 49) 312 156
(37, 62) 219 110
(59, 1) 282 141
(24, 29) 82 41
(62, 14) 185 92
(45, 46) 82 41
(10, 16) 178 89
(49, 43) 468 234
(13, 5) 270 135
(0, 6) 272 136
(38, 23) 273 136
(25, 2) 253 127
(63, 21) 421 210
(28, 25) 304 152
(50, 10) 200 100
(33, 66) 112 56
(53, 15) 167 83
(1, 57) 301 151
(40, 12) 259 129
(21, 54) 302 151
(4, 18) 151 75
(26, 35) 226 113
(7, 7) 0 0
(65, 4) 211 106
(46, 38) 285 142
(11, 64) 135 68
(33, 51) 483 242
(16, 21) 239 119
(52, 43) 434 217
(54, 38) 135 67
(19, 0) 294 147
(58, 45) 295 147
(41, 19) 404 202
(22, 31) 433 216
(5, 61) 142 71
(61, 48) 219 110
(44, 8) 201 101
(9, 58) 114 57
(66, 61) 65 32
(47, 13) 274 137
(12, 33) 351 175
(34, 18) 372 186
(17, 42) 247 123
(37, 39) 116 58
(59, 6) 221 111
(42, 50) 627 314
(62, 49) 174 87
(29, 55) 204 102
(10, 27) 232 116
(49, 44) 512 256
(13, 62) 104 52
(35, 17) 159 79
(0, 29) 100 50
(38, 14) 92 46
(25, 11) 131 66
(63, 18) 257 128
(28, 16) 255 127
(50, 5) 455 228
(14, 39) 90 45
(53, 8) 184 92
(1, 50) 314 157
(21, 63) 421 210
(4, 25) 159 80
(26, 42) 280 140
(65, 29) 198 99
(46, 41) 0 0
(29, 15) 148 74
(33, 52) 378 189
(16, 12) 229 114
(54, 57) 25 12
(19, 9) 400 200
(58, 52) 189 95
(41, 20) 403 202
(22, 22) 0 0
(5, 38) 175 87
(44, 7) 218 109
(9, 35) 322 161
(66, 52) 284 142
(47, 10) 270 135
(30, 54) 432 216
(34, 45) 148 74
(17, 35) 159 79
(50, 65) 237 118
(37, 32) 126 63
(59, 31) 244 122
(42, 61) 307 153
(23, 13) 260 130
(62, 56) 36 18
(45, 32) 186 93
(10, 2) 254 127
(49, 37) 355 177
(30, 65) 431 216
(13, 55) 95 47
(35, 22) 265 132
(0, 20) 293 147
(38, 1) 178 89
(25, 12) 147 73
(63, 27) 285 142
(27, 65) 130 65
(50, 60) 98 49
(14, 46) 209 104
(53, 17) 142 71
(1, 11) 136 68
(21, 56) 342 171
(4, 0) 50 25
(26, 53) 158 79
(65, 22) 79 39
(46, 48) 472 236
(29, 8) 42 21
(12, 64) 114 57
(51, 39) 318 159
(16, 3) 290 145
(54, 48) 170 85
(19, 14) 298 149
(2, 42) 273 136
(58, 63) 237 118
(41, 29) 245 122
(22, 41) 325 163
(5, 47) 185 93
(61, 66) 65 32
(9, 36) 199 100
(66, 15) 49 25
(47, 19) 410 205
(30, 57) 449 225
(34, 36) 253 126
(17, 36) 12 6
(56, 9) 70 35
(37, 41) 177 88
(59, 20) 313 157
(42, 36) 252 126
(23, 10) 272 136
(62, 35) 338 169
(45, 25) 262 131
(10, 13) 13 6
(13, 48) 86 43
(35, 31) 235 118
(18, 61) 110 55
(55, 64) 152 76
(38, 56) 123 61
(60, 13) 122 61
(25, 21) 325 162
(63, 0) 377 188
(50, 55) 291 146
(14, 49) 312 156
(53, 26) 158 79
(1, 12) 181 91
(21, 65) 307 153
(4, 15) 90 45
(26, 60) 335 168
(46, 59) 135 68
(29, 1) 344 172
(51, 44) 586 293
(39, 27) 87 44
(54, 11) 165 83
(19, 23) 220 110
(2, 37) 237 118
(41, 6) 209 105
(22, 32) 276 138
(5, 40) 81 41
(9, 45) 320 160
(66, 6) 272 136
(47, 24) 300 149
(30, 32) 152 76
(34, 63) 625 312
(17, 29) 103 52
(56, 16) 128 64
(55, 40) 125 63
(59, 45) 97 49
(42, 47) 166 83
(23, 3) 430 215
(6, 57) 424 212
(62, 42) 432 215
(45, 18) 296 148
(10, 52) 84 42
(32, 9) 360 180
(13, 41) 392 196
(35, 4) 163 82
(18, 52) 237 118
(38, 51) 296 148
(60, 4) 341 170
(25, 30) 370 185
(63, 9) 230 115
(11, 31) 535 268
(50, 46) 590 295
(14, 56) 192 96
(1, 5) 335 167
(39, 16) 16 8
(26, 7) 71 36
(46, 66) 210 105
(29, 26) 0 0
(51, 53) 254 127
(54, 2) 335 167
(19, 28) 302 151
(2, 60) 381 191
(41, 15) 196 98
(22, 59) 194 97
(5, 17) 90 45
(62, 66) 183 91
(27, 44) 347 174
(66, 1) 248 124
(47, 33) 77 38
(30, 43) 100 50
(34, 54) 432 216
(17, 22) 120 60
(56, 23) 190 95
(37, 65) 219 110
(20, 5) 224 112
(59, 34) 176 88
(24, 64) 243 121
(23, 24) 176 88
(6, 48) 551 275
(62, 45) 336 168
(45, 11) 328 164
(10, 63) 240 120
(32, 0) 166 83
(13, 34) 443 222
(35, 13) 322 161
(18, 47) 270 135
(38, 42) 323 161
(60, 3) 279 140
(43, 61) 231 116
(63, 54) 193 96
(11, 20) 453 226
(50, 41) 590 295
(14, 3) 245 123
(36, 20) 286 143
(1, 30) 422 211
(39, 9) 162 81
(26, 14) 103 52
(48, 31) 597 298
(29, 19) 196 97
(51, 58) 254 127
(15, 32) 193 97
(54, 5) 225 113
(19, 37) 283 141
(2, 55) 186 93
(22, 50) 274 137
(5, 26) 42 21
(27, 37) 177 88
(66, 24) 173 87
(47, 46) 134 67
(30, 18) 372 186
(65, 64) 45 22
(34, 49) 558 279
(17, 15) 45 23
(0, 65) 183 91
(56, 30) 442 221
(55, 62) 144 72
(20, 12) 454 227
(59, 59) 0 0
(42, 17) 247 123
(23, 17) 286 143
(6, 43) 219 110
(64, 46) 425 213
(45, 4) 160 80
(10, 38) 108 54
(49, 65) 174 87
(32, 7) 149 74
(31, 49) 626 313
(35, 50) 519 259
(18, 38) 131 66
(57, 1) 301 151
(38, 45) 216 108
(29, 65) 198 99
(43, 50) 552 276
(8, 16) 122 61
(63, 63) 0 0
(11, 13) 55 28
(50, 32) 548 274
(14, 10) 200 100
(36, 19) 286 143
(1, 23) 430 215
(29, 64) 241 121
(39, 6) 311 156
(26, 9) 256 128
(48, 22) 171 86
(51, 3) 324 162
(15, 41) 196 98
(54, 28) 357 178
(19, 42) 432 216
(2, 14) 218 109
(22, 53) 51 26
(5, 3) 335 167
(9, 64) 83 42
(66, 19) 294 147
(47, 55) 180 90
(30, 21) 392 196
(52, 34) 526 263
(17, 0) 4 2
(56, 37) 231 115
(55, 55) 0 0
(20, 11) 453 226
(3, 53) 262 131
(59, 48) 353 176
(42, 24) 356 178
(23, 46) 477 238
(6, 34) 162 81
(64, 37) 256 128
(10, 33) 295 147
(32, 30) 152 76
(31, 62) 486 243
(35, 59) 100 50
(18, 33) 246 123
(57, 10) 142 71
(38, 36) 97 48
(3, 66) 248 124
(60, 17) 304 152
(43, 43) 0 0
(8, 23) 277 138
(63, 36) 374 187
(65, 60) 139 69
(11, 2) 241 120
(14, 13) 198 99
(36, 26) 92 46
(39, 63) 299 150
(61, 14) 65 32
(26, 16) 94 47
(48, 13) 86 43
(51, 8) 436 218
(15, 54) 209 105
(54, 23) 152 76
(19, 51) 499 249
(2, 9) 263 131
(24, 38) 224 112
(5, 12) 331 165
(27, 51) 336 168
(47, 60) 395 197
(30, 28) 93 46
(52, 41) 472 236
(56, 44) 403 202
(55, 12) 146 73
(20, 18) 238 119
(3, 58) 262 131
(42, 3) 387 193
(23, 39) 198 99
(6, 37) 231 115
(64, 60) 94 47
(10, 40) 202 101
(32, 21) 242 121
(31, 39) 379 189
(35, 32) 188 94
(18, 24) 122 61
(57, 19) 295 147
(40, 53) 137 69
(60, 40) 303 151
(43, 32) 155 77
(8, 30) 220 110
(7, 62) 181 91
(63, 45) 527 264
(28, 65) 357 178
(11, 59) 291 146
(33, 10) 295 147
(14, 20) 297 149
(36, 1) 255 127
(31, 43) 187 93
(39, 52) 245 123
(61, 7) 80 40
(26, 27) 106 53
(48, 4) 329 164
(12, 26) 317 158
(51, 17) 379 190
(15, 63) 397 199
(19, 56) 342 171
(2, 0) 222 111
(24, 45) 305 153
(27, 8) 148 74
(10, 64) 96 48
(49, 27) 304 152
(30, 7) 250 125
(52, 48) 0 0
(56, 51) 191 96
(55, 5) 205 102
(20, 25) 325 162
(3, 35) 276 138
(42, 10) 427 214
(23, 60) 240 120
(6, 28) 111 56
(64, 51) 170 85
(28, 41) 109 55
(32, 44) 157 79
(31, 44) 146 73
(35, 41) 81 41
(18, 19) 238 119
(57, 20) 294 147
(40, 60) 303 151
(21, 6) 265 132
(4, 66) 50 25
(60, 39) 242 121
(43, 25) 288 144
(8, 5) 0 0
(7, 55) 143 71
(63, 42) 626 312
(11, 48) 73 36
(33, 3) 286 143
(14, 31) 314 157
(53, 64) 84 42
(36, 8) 81 41
(39, 45) 245 122
(61, 0) 65 32
(44, 56) 403 202
(48, 59) 353 176
(12, 17) 257 128
(51, 22) 260 130
(15, 4) 90 45
(19, 65) 307 153
(2, 27) 373 187
(24, 52) 359 179
(27, 1) 359 179
(49, 28) 499 249
(30, 14) 250 125
(52, 63) 206 103
(35, 65) 338 169
(0, 45) 159 79
(56, 58) 64 32
(55, 2) 186 93
(20, 32) 242 121
(3, 40) 255 127
(23, 53) 173 87
(6, 23) 426 213
(64, 10) 96 48
(28, 32) 60 30
(32, 35) 188 94
(31, 21) 386 193
(35, 46) 81 41
(18, 10) 173 86
(57, 29) 206 103
(40, 35) 167 84
(21, 15) 343 171
(60, 62) 139 69
(43, 30) 100 50
(8, 12) 331 165
(7, 44) 218 109
(65, 45) 336 168
(11, 41) 405 202
(33, 4) 103 51
(16, 60) 242 121
(36, 55) 125 63
(58, 4) 168 84
(39, 42) 331 165
(61, 25) 57 29
(44, 55) 306 153
(9, 19) 400 200
(48, 50) 122 61
(12, 8) 331 165
(51, 31) 692 346
(15, 13) 196 98
(37, 16) 127 63
(2, 18) 330 165
(24, 59) 208 104
(27, 6) 312 156
(49, 21) 478 239
(52, 6) 551 275
(0, 36) 8 4
(55, 27) 212 106
(20, 47) 409 205
(3, 17) 245 123
(23, 50) 327 163
(6, 14) 273 137
(64, 1) 261 131
(28, 63) 547 273
(32, 58) 276 138
(31, 18) 419 209
(53, 33) 252 126
(18, 5) 157 78
(57, 38) 159 79
(38, 64) 149 74
(21, 8) 225 112
(4, 48) 329 164
(60, 53) 178 89
(43, 23) 447 223
(8, 51) 436 218
(7, 37) 39 20
(65, 38) 131 65
(46, 0) 210 105
(11, 46) 405 202
(33, 29) 164 82
(16, 51) 318 159
(36, 62) 180 90
(58, 15) 167 83
(39, 35) 248 124
(61, 18) 110 55
(44, 46) 11 5
(9, 20) 400 200
(48, 41) 472 236
(12, 7) 272 136
(16, 66) 101 50
(15, 10) 195 98
(37, 25) 161 80
(24, 2) 395 198
(62, 19) 307 153
(27, 31) 403 201
(49, 14) 312 156
(52, 13) 86 43
(0, 59) 76 38
(55, 16) 143 71
(20, 54) 301 151
(3, 22) 212 106
(25, 37) 161 80
(6, 1) 503 252
(64, 24) 243 121
(28, 54) 357 178
(32, 49) 472 236
(31, 27) 403 201
(14, 65) 185 92
(53, 42) 389 194
(57, 47) 326 162
(40, 17) 12 6
(21, 17) 298 149
(4, 63) 403 202
(43, 12) 407 203
(8, 58) 184 92
(7, 34) 250 125
(63, 65) 194 97
(46, 11) 405 202
(11, 39) 208 104
(33, 22) 226 113
(16, 42) 342 170
(36, 37) 42 21
(55, 33) 205 102
(41, 54) 394 197
(61, 43) 231 116
(44, 37) 179 89
(9, 29) 256 128
(48, 32) 446 223
(12, 62) 149 75
(34, 15) 248 124
(15, 19) 343 171
(37, 2) 237 118
(24, 9) 283 141
(42, 22) 364 182
(27, 20) 179 89
(49, 7) 324 162
(13, 25) 86 43
(52, 20) 471 235
(0, 50) 392 196
(20, 61) 316 158
(3, 31) 508 254
(23, 64) 182 91
(64, 31) 526 263
(28, 13) 384 192
(50, 30) 641 320
(31, 0) 315 157
(53, 51) 254 127
(57, 48) 181 90
(40, 24) 165 83
(21, 26) 196 97
(4, 38) 142 71
(43, 5) 177 89
(8, 33) 125 62
(7, 27) 141 71
(65, 48) 165 82
(46, 18) 342 170
(29, 42) 280 140
(33, 47) 77 38
(16, 33) 208 104
(36, 44) 216 108
(58, 17) 142 71
(41, 63) 587 293
(22, 11) 131 66
(61, 36) 66 33
(44, 28) 102 51
(9, 6) 465 232
(48, 39) 245 123
(12, 53) 169 85
(34, 6) 162 81
(15, 24) 222 111
(37, 11) 270 135
(62, 26) 198 99
(24, 16) 116 58
(62, 29) 198 99
(45, 59) 97 49
(54, 64) 49 24
(49, 56) 142 71
(13, 18) 163 81
(52, 19) 471 235
(0, 9) 198 99
(38, 26) 172 86
(3, 4) 297 148
(25, 55) 70 35
(64, 22) 100 50
(28, 4) 146 73
(50, 25) 274 137
(31, 9) 512 256
(53, 60) 178 89
(1, 46) 357 179
(57, 57) 0 0
(40, 31) 314 157
(21, 35) 410 204
(4, 45) 160 80
(8, 40) 81 41
(7, 16) 88 44
(65, 9) 104 52
(46, 21) 404 202
(29, 35) 226 113
(33, 32) 134 67
(16, 24) 116 58
(36, 43) 178 89
(15, 28) 199 100
(41, 32) 163 82
(22, 2) 253 127
(61, 61) 0 0
(26, 65) 198 99
(9, 15) 196 98
(66, 40) 8 4
(12, 44) 451 226
(34, 1) 422 211
(17, 63) 379 189
(37, 52) 326 163
(59, 11) 291 146
(24, 23) 176 88
(62, 4) 211 106
(45, 52) 397 199
(10, 22) 93 46
(49, 49) 0 0
(13, 11) 55 28
(52, 26) 340 170
(0, 0) 0 0
(38, 29) 172 86
(3, 13) 178 89
(25, 56) 74 37
(8, 64) 267 133
(28, 3) 400 200
(47, 63) 488 244
(50, 16) 339 169
(53, 5) 184 92
(1, 39) 275 138
(57, 66) 204 102
(40, 6) 268 134
(21, 44) 399 199
(4, 20) 258 129
(8, 47) 185 93
(7, 9) 212 106
(65, 2) 330 165
(46, 28) 109 55
(29, 60) 335 168
(33, 57) 316 158
(16, 31) 384 192
(52, 42) 509 254
(54, 44) 397 199
(58, 35) 298 149
(41, 41) 0 0
(22, 5) 185 92
(5, 51) 436 218
(61, 54) 133 67
(44, 18) 343 171
(9, 48) 86 43
(58, 34) 388 194
(47, 7) 157 78
(12, 43) 407 203
(51, 64) 170 85
(34, 24) 329 165
(17, 48) 283 142
(37, 61) 107 53
(59, 0) 76 38
(24, 30) 329 165
(62, 15) 206 103
(45, 45) 0 0
(10, 17) 200 100
(49, 42) 543 272
(13, 4) 243 121
(0, 7) 29 14
(38, 20) 348 174
(25, 1) 212 106
(63, 20) 421 210
(28, 26) 173 87
(50, 11) 195 97
(33, 65) 294 147
(53, 14) 142 71
(1, 56) 244 122
(40, 13) 199 100
(21, 53) 287 143
(4, 19) 259 129
(26, 32) 125 62
(7, 6) 254 127
(65, 27) 130 65
(46, 39) 293 146
(29, 53) 158 79
(33, 50) 493 247
(16, 22) 87 44
(29, 66) 100 50
(54, 39) 108 54
(19, 3) 527 263
(58, 42) 389 194
(41, 18) 342 170
(22, 28) 304 152
(5, 60) 360 180
(44, 9) 398 199
(9, 57) 130 65
(66, 58) 140 70
(47, 12) 322 161
(12, 34) 499 249
(34, 19) 392 196
(17, 41) 209 104
(50, 64) 192 96
(37, 38) 135 68
(59, 25) 194 97
(42, 51) 619 309
(62, 54) 6 3
(45, 38) 216 108
(10, 24) 292 146
(49, 35) 435 217
(13, 61) 133 67
(35, 16) 262 131
(0, 30) 251 126
(38, 15) 89 44
(25, 10) 93 46
(63, 29) 380 190
(28, 17) 187 93
(50, 2) 433 216
(14, 36) 12 6
(53, 23) 173 87
(1, 49) 238 119
(58, 66) 140 70
(21, 62) 307 153
(4, 26) 65 33
(26, 43) 219 109
(65, 28) 357 178
(46, 46) 0 0
(29, 14) 103 52
(51, 33) 483 242
(16, 13) 170 85
(36, 64) 215 107
(19, 8) 225 112
(58, 53) 0 0
(41, 27) 348 174
(22, 23) 224 112
(5, 37) 60 30
(44, 0) 214 107
(9, 34) 443 222
(66, 53) 140 70
(47, 21) 410 205
(30, 55) 353 176
(34, 42) 59 30
(17, 34) 250 125
(56, 3) 244 122
(37, 47) 129 64
(59, 30) 176 88
(42, 58) 389 194
(23, 12) 295 148
(62, 57) 30 15
(45, 31) 235 117
(10, 3) 166 83
(49, 36) 313 157
(13, 54) 110 55
(35, 25) 265 132
(0, 21) 294 147
(38, 6) 365 182
(25, 19) 325 162
(63, 26) 380 190
(50, 61) 328 164
(14, 47) 132 66
(53, 16) 65 32
(1, 10) 166 83
(39, 29) 95 48
(4, 1) 297 148
(26, 50) 432 216
(65, 21) 307 153
(46, 49) 506 253
(29, 7) 71 36
(12, 65) 149 75
(51, 38) 296 148
(16, 4) 113 56
(39, 24) 128 64
(54, 49) 178 89
(19, 17) 298 149
(2, 43) 220 110
(58, 60) 178 89
(41, 28) 109 55
(22, 46) 325 163
(5, 46) 203 101
(61, 65) 130 65
(9, 43) 354 177
(66, 12) 257 128
(47, 18) 270 135
(30, 62) 431 216
(34, 37) 212 106
(17, 27) 166 83
(56, 10) 82 41
(37, 40) 42 21
(59, 23) 346 173
(42, 37) 215 107
(23, 5) 277 138
(62, 32) 319 159
(45, 24) 305 153
(10, 10) 0 0
(13, 47) 274 137
(35, 30) 148 74
(18, 58) 49 24
(38, 57) 159 79
(60, 14) 304 152
(25, 20) 325 162
(63, 3) 399 199
(11, 25) 131 66
(50, 52) 122 61
(14, 54) 186 93
(53, 25) 51 26
(1, 3) 0 0
(21, 64) 349 174
(4, 8) 39 19
(26, 61) 138 69
(46, 56) 399 200
(29, 0) 100 50
(51, 47) 464 232
(54, 8) 225 113
(19, 22) 325 162
(2, 34) 317 159
(41, 5) 203 101
(22, 33) 226 113
(5, 23) 277 138
(9, 44) 398 199
(66, 7) 29 14
(47, 27) 297 149
(30, 33) 149 74
(34, 60) 554 277
(15, 66) 49 25
(56, 17) 192 96
(37, 66) 43 21
(59, 44) 138 69
(42, 44) 37 19
(23, 2) 475 237
(6, 62) 417 208
(62, 43) 357 178
(45, 17) 156 78
(10, 53) 124 62
(32, 10) 364 182
(13, 40) 199 100
(35, 7) 177 88
(18, 53) 49 24
(38, 48) 192 96
(60, 5) 360 180
(25, 29) 170 85
(64, 64) 0 0
(63, 8) 413 206
(11, 30) 461 231
(50, 47) 469 234
(14, 57) 206 103
(44, 66) 214 107
(1, 4) 297 148
(39, 19) 253 126
(26, 4) 65 33
(60, 26) 335 168
(48, 25) 171 86
(29, 25) 170 85
(51, 52) 126 63
(54, 3) 278 139
(19, 31) 386 193
(2, 61) 220 110
(41, 14) 209 104
(22, 56) 74 37
(5, 16) 122 61
(27, 47) 297 149
(66, 30) 251 126
(47, 32) 210 105
(30, 40) 253 126
(65, 65) 0 0
(34, 55) 353 176
(17, 21) 298 149
(56, 24) 230 115
(55, 32) 287 143
(20, 6) 265 132
(59, 37) 43 21
(24, 65) 198 99
(23, 27) 129 65
(6, 49) 575 287
(64, 40) 215 107
(45, 10) 317 158
(10, 60) 129 64
(32, 1) 402 201
(13, 33) 295 148
(35, 12) 372 186
(18, 44) 343 171
(38, 43) 247 123
(15, 64) 232 116
(60, 28) 487 243
(43, 60) 470 235
(63, 49) 175 88
(11, 23) 315 157
(50, 38) 306 153
(14, 0) 4 2
(36, 21) 286 143
(1, 29) 344 172
(39, 8) 119 59
(22, 64) 100 50
(26, 15) 148 74
(48, 16) 251 125
(29, 18) 124 62
(51, 61) 315 158
(15, 35) 133 66
(54, 26) 196 98
(19, 36) 286 143
(2, 52) 312 156
(22, 51) 260 130
(5, 25) 185 92
(27, 36) 155 78
(66, 25) 119 60
(47, 41) 134 67
(30, 19) 392 196
(52, 36) 285 143
(17, 14) 0 0
(0, 66) 0 0
(56, 31) 502 251
(55, 57) 174 87
(20, 13) 400 200
(59, 58) 215 108
(42, 30) 59 30
(23, 16) 183 91
(6, 40) 268 134
(64, 47) 322 161
(45, 3) 275 138
(10, 39) 170 85
(49, 64) 130 65
(32, 24) 180 90
(31, 48) 597 298
(35, 53) 298 149
(18, 39) 51 26
(57, 0) 204 102
(38, 34) 335 168
(60, 27) 264 132
(43, 53) 315 157
(8, 17) 90 45
(63, 62) 194 97
(11, 12) 48 24
(50, 33) 493 247
(14, 11) 227 113
(36, 28) 186 93
(1, 22) 212 106
(39, 1) 275 138
(31, 64) 526 263
(43, 66) 175 88
(26, 22) 170 85
(48, 23) 302 151
(47, 65) 300 150
(51, 2) 438 219
(15, 40) 57 29
(54, 29) 196 98
(19, 45) 407 203
(2, 15) 173 87
(24, 32) 180 90
(5, 2) 297 148
(27, 61) 155 78
(66, 16) 101 50
(47, 54) 303 152
(30, 26) 261 130
(52, 35) 399 200
(17, 7) 32 16
(56, 38) 123 61
(55, 54) 149 75
(20, 20) 0 0
(3, 52) 200 100
(59, 51) 453 227
(42, 25) 364 182
(23, 41) 477 238
(6, 35) 264 132
(64, 38) 149 74
(10, 46) 390 195
(32, 31) 175 87
(31, 57) 500 250
(35, 58) 298 149
(18, 30) 372 186
(57, 9) 130 65
(38, 37) 135 68
(60, 18) 216 108
(43, 42) 76 38
(8, 24) 121 61
(63, 39) 299 150
(11, 5) 308 154
(14, 18) 141 70
(36, 27) 155 78
(50, 20) 529 264
(39, 62) 108 54
(66, 54) 184 92
(61, 13) 133 67
(26, 17) 103 52
(48, 14) 283 142
(12, 28) 443 221
(51, 11) 197 99
(15, 49) 311 155
(54, 20) 301 151
(19, 50) 529 264
(2, 6) 428 214
(24, 39) 128 64
(5, 11) 308 154
(27, 50) 362 181
(27, 58) 108 54
(30, 29) 261 130
(34, 64) 467 233
(56, 45) 336 168
(55, 15) 106 53
(20, 19) 1 0
(3, 61) 210 105
(42, 0) 249 124
(23, 38) 273 136
(6, 26) 219 109
(64, 61) 157 79
(10, 41) 390 195
(32, 22) 276 138
(31, 38) 405 202
(35, 35) 0 0
(18, 25) 92 46
(57, 18) 83 41
(40, 54) 181 91
(60, 41) 508 254
(43, 35) 49 25
(8, 31) 262 131
(7, 57) 200 100
(63, 44) 590 295
(28, 66) 187 93
(11, 58) 167 84
(33, 9) 295 148
(14, 21) 298 149
(36, 2) 230 115
(39, 55) 128 64
(61, 6) 333 167
(26, 24) 82 41
(48, 5) 356 178
(12, 27) 275 138
(51, 16) 318 159
(15, 62) 206 103
(19, 59) 314 157
(2, 1) 131 65
(48, 66) 284 142
(24, 46) 322 161
(27, 11) 275 137
(10, 65) 116 58
(49, 26) 361 180
(30, 4) 222 111
(52, 49) 39 20
(56, 52) 130 65
(55, 4) 170 85
(20, 26) 195 97
(3, 34) 422 211
(59, 65) 258 129
(42, 11) 441 220
(23, 63) 203 101
(6, 29) 219 109
(64, 52) 125 63
(28, 42) 132 66
(32, 45) 186 93
(25, 64) 100 50
(35, 40) 167 84
(18, 16) 38 19
(57, 27) 125 62
(40, 61) 66 33
(21, 5) 225 112
(60, 32) 453 226
(43, 24) 298 149
(8, 6) 195 97
(7, 54) 182 91
(65, 43) 357 178
(11, 51) 197 99
(33, 2) 205 103
(14, 28) 187 93
(36, 9) 199 100
(39, 44) 295 147
(61, 31) 379 189
(44, 57) 417 208
(48, 60) 86 43
(12, 18) 218 109
(51, 25) 260 130
(15, 7) 77 39
(19, 64) 349 174
(2, 24) 395 198
(24, 53) 170 85
(27, 0) 162 81
(49, 19) 478 239
(30, 15) 248 124
(52, 56) 130 65
(35, 64) 365 182
(0, 46) 210 105
(56, 59) 267 133
(55, 29) 204 102
(20, 33) 346 173
(3, 43) 322 161
(23, 52) 302 151
(6, 20) 265 132
(64, 11) 135 68
(28, 33) 114 57
(32, 36) 163 81
(31, 20) 386 193
(53, 39) 65 33
(18, 11) 216 108
(57, 28) 371 185
(40, 36) 0 0
(21, 14) 298 149
(60, 63) 120 60
(43, 17) 173 86
(8, 13) 270 135
(7, 47) 157 78
(65, 44) 396 198
(11, 40) 231 115
(33, 27) 259 129
(16, 61) 84 42
(36, 48) 285 143
(37, 22) 161 80
(58, 5) 184 92
(39, 37) 116 58
(61, 24) 192 96
(44, 48) 478 239
(9, 18) 163 81
(48, 51) 126 63
(12, 9) 61 30
(51, 30) 629 315
(15, 12) 251 126
(37, 31) 273 136
(2, 19) 516 257
(24, 60) 334 167
(27, 25) 149 75
(49, 20) 478 239
(52, 7) 298 149
(0, 37) 43 21
(55, 26) 204 102
(20, 40) 286 143
(3, 16) 290 145
(25, 35) 265 132
(6, 15) 297 148
(64, 2) 335 168
(28, 56) 372 186
(32, 59) 121 61
(31, 29) 298 149
(53, 32) 276 138
(18, 2) 330 165
(57, 37) 239 119
(38, 65) 131 65
(21, 23) 220 110
(4, 49) 355 178
(60, 54) 141 71
(43, 22) 288 144
(8, 52) 356 178
(7, 36) 21 10
(65, 37) 219 110
(46, 1) 357 179
(11, 33) 313 157
(33, 28) 114 57
(16, 52) 251 125
(36, 63) 374 187
(58, 12) 169 85
(39, 34) 326 163
(61, 17) 65 32
(44, 47) 142 71
(9, 27) 221 111
(48, 42) 509 254
(12, 0) 257 128
(15, 21) 343 171
(37, 24) 171 85
(20, 64) 348 174
(24, 3) 402 201
(62, 16) 105 52
(27, 30) 367 183
(49, 13) 115 58
(13, 31) 512 256
(52, 14) 283 142
(0, 60) 303 152
(55, 19) 381 190
(20, 55) 380 190
(3, 25) 212 106
(25, 36) 119 60
(6, 6) 0 0
(64, 25) 100 50
(28, 55) 302 151
(32, 50) 548 274
(31, 26) 298 149
(53, 41) 350 175
(57, 46) 414 207
(40, 18) 132 66
(21, 16) 239 119
(4, 56) 226 113
(43, 15) 159 79
(8, 59) 89 45
(7, 29) 71 36
(63, 64) 166 83
(46, 8) 203 101
(11, 38) 135 67
(33, 21) 347 173
(16, 43) 271 135
(36, 38) 97 48
(58, 23) 173 87
(41, 53) 350 175
(61, 42) 307 153
(44, 38) 290 145
(9, 28) 384 192
(48, 33) 378 189
(31, 47) 284 142
(12, 63) 218 109
(58, 44) 353 177
(34, 12) 499 249
(15, 18) 176 88
(37, 1) 280 140
(24, 10) 292 146
(62, 27) 130 65
(27, 23) 129 65
(49, 6) 575 287
(13, 24) 283 141
(52, 21) 471 235
(0, 51) 379 189
(20, 62) 306 153
(3, 30) 422 211
(25, 45) 262 131
(64, 16) 148 74
(28, 14) 187 93
(50, 31) 707 353
(31, 3) 508 254
(53, 50) 274 137
(57, 55) 174 87
(40, 25) 119 60
(21, 25) 325 162
(4, 39) 104 52
(43, 4) 162 81
(8, 34) 220 110
(7, 26) 71 36
(65, 55) 144 72
(46, 19) 404 202
(29, 41) 245 122
(33, 46) 99 50
(16, 34) 335 167
(36, 45) 164 82
(58, 30) 388 194
(41, 62) 393 196
(22, 8) 185 92
(61, 35) 209 104
(44, 29) 243 122
(9, 5) 270 135
(66, 46) 210 105
(12, 54) 155 78
(34, 7) 250 125
(15, 27) 208 104
(37, 10) 243 121
(24, 17) 177 89
(62, 2) 330 165
(45, 58) 295 147
(66, 65) 183 91
(49, 63) 175 88
(13, 17) 198 99
(52, 28) 470 235
(0, 10) 200 100
(38, 27) 182 91
(3, 7) 275 137
(25, 54) 83 41
(64, 23) 182 91
(28, 5) 135 67
(32, 64) 360 179
(31, 8) 262 131
(53, 59) 215 108
(1, 45) 275 138
(57, 56) 60 30
(40, 0) 8 4
(21, 34) 392 196
(4, 46) 193 97
(8, 41) 203 101
(7, 19) 266 133
(65, 8) 226 113
(46, 26) 245 122
(29, 34) 261 130
(33, 39) 196 98
(16, 25) 87 44
(54, 42) 433 216
(58, 25) 51 26
(41, 39) 293 146
(22, 3) 212 106
(61, 60) 240 120
(44, 20) 398 199
(9, 14) 198 99
(66, 41) 210 105
(12, 45) 370 185
(34, 30) 0 0
(17, 62) 185 92
(37, 51) 420 210
(59, 10) 269 134
(24, 24) 0 0
(62, 5) 226 113
(45, 51) 510 255
(10, 23) 272 136
(49, 48) 39 20
(13, 10) 13 6
(52, 27) 293 147
(0, 1) 248 124
(38, 18) 131 66
(3, 12) 181 91
(25, 63) 266 133
(8, 65) 226 113
(28, 28) 0 0
(50, 17) 393 196
(44, 64) 429 214
(1, 38) 178 89
(57, 65) 30 15
(40, 7) 21 10
(21, 43) 389 194
(4, 21) 259 129
(26, 38) 172 86
(7, 8) 63 31
(65, 1) 272 136
(46, 29) 245 122
(29, 59) 126 63
(33, 56) 300 150
(16, 16) 0 0
(54, 45) 338 169
(58, 32) 276 138
(41, 40) 213 107
(22, 26) 170 85
(5, 50) 455 228
(61, 53) 92 46
(44, 19) 399 199
(9, 55) 95 47
(66, 32) 166 83
(47, 6) 299 149
(12, 36) 259 129
(25, 44) 329 165
(34, 25) 370 185
(17, 55) 120 60
(37, 60) 344 172
(59, 3) 282 141
(24, 31) 352 176
(62, 12) 149 75
(45, 44) 91 46
(10, 30) 443 221
(49, 41) 506 253
(13, 3) 178 89
(0, 24) 173 87
(38, 21) 349 174
(25, 0) 119 60
(63, 23) 203 101
(28, 27) 279 140
(50, 8) 455 228
(33, 64) 326 163
(14, 34) 250 125
(53, 13) 114 57
(1, 63) 399 199
(40, 14) 12 6
(21, 52) 471 235
(4, 28) 146 73
(26, 33) 164 82
(7, 1) 275 137
(65, 26) 198 99
(46, 36) 213 107
(11, 66) 228 114
(33, 49) 410 205
(16, 23) 183 91
(54, 36) 181 91
(19, 2) 516 257
(58, 43) 315 157
(41, 17) 209 104
(22, 29) 170 85
(5, 59) 89 45
(44, 10) 396 198
(9, 56) 70 35
(66, 59) 76 38
(47, 15) 95 47
(12, 35) 372 186
(34, 16) 335 167
(17, 40) 12 6
(37, 37) 0 0
(59, 24) 208 104
(42, 48) 509 254
(62, 55) 144 72
(45, 37) 138 69
(10, 25) 93 46
(49, 34) 558 279
(13, 60) 122 61
(35, 19) 410 204
(0, 31) 315 157
(38, 12) 165 83
(25, 9) 86 43
(63, 28) 547 273
(28, 18) 291 145
(50, 3) 314 157
(14, 37) 43 22
(53, 22) 51 26
(1, 48) 200 100
(21, 61) 317 158
(4, 27) 156 78
(26, 40) 92 46
(65, 19) 307 153
(46, 47) 134 67
(29, 13) 256 128
(51, 32) 529 264
(16, 14) 104 52
(36, 65) 180 90
(19, 11) 453 226
(55, 63) 316 158
(41, 26) 245 122
(22, 20) 325 162
(5, 36) 81 41
(44, 1) 366 183
(9, 33) 295 148
(66, 50) 392 196
(47, 20) 409 205
(30, 52) 526 263
(34, 43) 100 50
(17, 33) 110 55
(56, 4) 226 113
(37, 46) 177 88
(59, 17) 75 37
(42, 59) 174 87
(23, 15) 324 162
(62, 62) 0 0
(45, 30) 148 74
(10, 0) 200 100
(13, 53) 114 57
(35, 24) 308 154
(0, 22) 119 60
(38, 7) 113 56
(25, 18) 92 46
(63, 5) 413 206
(50, 58) 274 137
(14, 44) 212 106
(53, 31) 443 222
(1, 9) 178 89
(39, 28) 249 125
(4, 2) 260 130
(26, 51) 411 206
(65, 20) 306 153
(46, 54) 394 197
(29, 6) 219 109
(12, 66) 257 128
(51, 41) 581 290
(16, 5) 122 61
(54, 54) 0 0
(19, 16) 239 119
(2, 40) 230 115
(58, 61) 92 46
(41, 3) 357 179
(22, 47) 223 112
(5, 45) 185 92
(61, 64) 157 79
(9, 42) 429 215
(66, 13) 198 99
(47, 29) 218 109
(30, 63) 625 312
(34, 34) 0 0
(17, 26) 103 52
(56, 11) 125 62
(55, 45) 226 113
(59, 22) 194 97
(42, 34) 59 30
(23, 4) 285 142
(62, 33) 294 147
(45, 23) 440 220
(10, 11) 44 22
(13, 46) 392 196
(35, 1) 276 138
(18, 59) 207 103
(55, 66) 121 60
(38, 62) 131 65
(60, 15) 312 156
(25, 27) 149 75
(63, 2) 493 246
(11, 24) 333 167
(50, 53) 274 137
(14, 55) 120 60
(53, 24) 170 85
(1, 2) 131 65
(39, 21) 253 126
(4, 9) 243 121
(26, 58) 158 79
(46, 57) 414 207
(29, 31) 298 149
(51, 46) 581 290
(54, 9) 110 55
(19, 25) 325 162
(2, 35) 171 86
(41, 4) 193 97
(22, 38) 52 26
(5, 22) 185 92
(27, 41) 348 174
(40, 43) 178 89
(47, 26) 218 109
(30, 38) 335 168
(65, 66) 183 91
(34, 61) 314 157
(17, 19) 298 149
(56, 18) 108 54
(55, 42) 336 168
(59, 47) 98 49
(42, 45) 114 57
(23, 29) 235 118
(6, 63) 595 297
(62, 40) 180 90
(45, 16) 259 129
(10, 50) 200 100
(32, 11) 394 196
(13, 39) 162 81
(35, 6) 264 132
(18, 50) 314 157
(38, 49) 223 112
(15, 65) 206 103
(60, 6) 553 277
(25, 28) 304 152
(64, 65) 45 22
(63, 11) 263 131
(11, 17) 227 113
(50, 44) 596 298
(14, 62) 185 92
(1, 27) 359 179
(39, 18) 51 26
(26, 5) 42 21
(46, 64) 425 213
(29, 24) 82 41
(51, 55) 285 142
(15, 37) 71 35
(54, 0) 184 92
(19, 30) 392 196
(2, 58) 303 151
(41, 13) 392 196
(22, 57) 107 53
(5, 31) 262 131
(62, 64) 45 22
(27, 46) 348 174
(66, 31) 315 157
(47, 35) 53 27
(30, 41) 68 34
(34, 52) 526 263
(17, 20) 297 149
(56, 25) 74 37
(55, 35) 228 114
(20, 7) 265 133
(59, 36) 78 39
(24, 66) 173 87
(23, 26) 235 118
(6, 54) 415 207
(64, 41) 425 213
(45, 9) 320 160
(10, 61) 136 68
(32, 2) 338 169
(13, 32) 360 180
(35, 15) 133 66
(18, 45) 296 148
(38, 40) 97 48
(60, 29) 335 168
(43, 63) 551 275
(63, 48) 206 103
(45, 39) 245 122
(11, 22) 131 66
(50, 39) 338 169
(14, 1) 245 123
(36, 22) 119 60
(1, 28) 400 200
(39, 11) 208 104
(22, 65) 79 39
(31, 65) 486 243
(26, 12) 317 158
(48, 17) 283 142
(29, 17) 103 52
(51, 60) 76 38
(15, 34) 248 124
(54, 27) 126 63
(19, 39) 253 126
(2, 53) 303 151
(22, 48) 171 86
(5, 24) 121 61
(27, 39) 87 44
(66, 22) 119 60
(47, 40) 142 71
(30, 16) 335 167
(52, 37) 326 163
(17, 13) 198 99
(56, 32) 338 169
(55, 56) 128 64
(20, 14) 297 149
(59, 61) 138 69
(42, 31) 144 72
(23, 19) 220 110
(6, 41) 209 105
(64, 32) 360 179
(45, 2) 172 86
(10, 36) 202 101
(32, 25) 276 138
(31, 51) 692 346
(35, 52) 399 200
(18, 36) 132 66
(57, 7) 200 100
(38, 35) 219 109
(54, 65) 6 3
(60, 20) 432 216
(43, 52) 434 217
(8, 18) 157 78
(63, 57) 176 88
(11, 15) 215 107
(14, 8) 90 45
(36, 29) 92 46
(1, 21) 527 263
(39, 0) 87 43
(26, 23) 235 118
(48, 8) 356 178
(47, 64) 322 161
(51, 5) 436 218
(15, 43) 159 79
(54, 18) 75 37
(19, 44) 399 199
(2, 12) 289 144
(24, 33) 246 123
(5, 1) 335 167
(27, 60) 264 132
(66, 17) 4 2
(27, 59) 219 109
(30, 27) 367 183
(52, 44) 478 239
(17, 6) 273 137
(56, 39) 127 64
(42, 65) 432 215
(20, 21) 1 0
(3, 55) 147 74
(59, 50) 465 233
(42, 6) 219 109
(23, 40) 277 138
(6, 32) 106 53
(64, 39) 149 74
(10, 47) 270 135
(32, 16) 214 107
(31, 56) 502 251
(35, 61) 209 104
(18, 31) 419 209
(57, 8) 238 119
(40, 48) 285 143
(60, 19) 433 216
(43, 45) 49 24
(8, 25) 185 92
(63, 38) 314 157
(11, 4) 276 138
(14, 19) 298 149
(36, 4) 45 23
(39, 57) 123 62
(61, 12) 193 96
(26, 30) 261 130
(48, 15) 278 139
(12, 29) 317 158
(51, 10) 195 97
(15, 48) 278 139
(54, 21) 302 151
(19, 53) 287 143
(2, 7) 250 125
(48, 65) 165 82
(24, 40) 165 83
(5, 10) 275 137
(27, 53) 108 54
(47, 62) 300 150
(30, 2) 317 159
(66, 35) 162 81
(34, 65) 431 216
(56, 46) 399 200
(55, 14) 120 60
(20, 28) 301 151
(3, 60) 279 140
(42, 1) 387 193
(23, 33) 386 193
(6, 27) 312 156
(64, 62) 45 22
(28, 44) 102 51
(32, 23) 353 176
(25, 65) 79 39
(35, 34) 148 74
(18, 22) 92 46
(57, 17) 206 103
(40, 55) 125 63
(60, 42) 546 273
(43, 34) 100 50
(8, 0) 87 44
(7, 56) 195 98
(63, 47) 488 244
(11, 61) 166 83
(33, 8) 125 62
(14, 26) 103 52
(36, 3) 255 127
(39, 54) 108 54
(61, 5) 142 71
(26, 25) 170 85
(48, 6) 551 275
(12, 20) 454 227
(51, 19) 499 249
(15, 57) 232 115
(19, 58) 287 143
(2, 30) 317 159
(24, 47) 300 149
(27, 10) 232 116
(49, 25) 196 98
(30, 5) 220 110
(52, 50) 122 61
(0, 40) 8 4
(44, 26) 243 122
(55, 7) 143 71
(20, 27) 179 89
(3, 37) 280 140
(59, 64) 292 146
(42, 8) 238 119
(23, 62) 158 79
(6, 18) 342 171
(64, 53) 84 42
(28, 43) 110 55
(32, 46) 163 82
(31, 46) 157 78
(35, 43) 49 25
(18, 17) 141 70
(57, 26) 206 103
(40, 62) 180 90
(21, 4) 259 129
(60, 33) 409 205
(43, 27) 318 159
(8, 7) 63 31
(7, 49) 324 162
(65, 42) 432 215
(11, 50) 195 97
(33, 1) 286 143
(14, 29) 103 52
(36, 10) 202 101
(37, 23) 304 152
(39, 47) 219 110
(61, 30) 314 157
(44, 58) 353 177
(48, 61) 219 110
(12, 19) 454 227
(51, 24) 406 203
(15, 6) 297 148
(37, 21) 283 141
(2, 25) 253 127
(24, 54) 194 97
(27, 3) 359 179
(49, 18) 250 125
(30, 12) 499 249
(52, 57) 181 90
(0, 47) 135 68
(56, 60) 115 58
(55, 28) 302 151
(20, 34) 391 196
(3, 42) 387 193
(23, 55) 294 147
(6, 21) 265 132
(64, 12) 114 57
(28, 34) 93 46
(32, 37) 126 63
(31, 23) 527 263
(53, 38) 101 50
(18, 8) 157 78
(57, 35) 363 181
(40, 37) 42 21
(21, 13) 400 200
(60, 56) 115 58
(43, 16) 271 135
(8, 14) 90 45
(7, 46) 216 108
(65, 35) 338 169
(11, 43) 367 184
(33, 26) 164 82
(16, 62) 105 52
(36, 49) 313 157
(58, 2) 303 151
(39, 36) 81 41
(61, 23) 257 128
(44, 49) 512 256
(9, 17) 198 99
(48, 52) 0 0
(12, 10) 57 29
(15, 15) 0 0
(37, 30) 212 106
(2, 16) 302 151
(24, 61) 192 96
(27, 24) 70 35
(49, 11) 112 56
(52, 0) 284 142
(0, 38) 93 47
(55, 21) 381 190
(20, 41) 403 202
(3, 19) 527 263
(60, 64) 94 47
(25, 34) 370 185
(6, 12) 525 262
(64, 3) 261 131
(28, 57) 371 185
(32, 60) 453 226
(31, 28) 130 65
(53, 47) 261 130
(18, 3) 304 152
(57, 36) 201 100
(40, 44) 216 108
(21, 22) 325 162
(4, 50) 433 216
(60, 55) 216 108
(43, 9) 354 177
(8, 53) 184 92
(7, 39) 77 38
(65, 36) 180 90
(46, 6) 209 105
(11, 32) 394 196
(33, 19) 347 173
(16, 53) 65 32
(36, 56) 190 95
(58, 13) 114 57
(41, 51) 581 290
(61, 16) 84 42
(44, 40) 216 108
(9, 26) 256 128
(48, 43) 434 217
(12, 1) 181 91
(15, 20) 342 171
(37, 7) 39 20
(20, 65) 306 153
(24, 4) 147 73
(62, 17) 185 92
(27, 17) 166 83
(49, 12) 64 32
(13, 30) 443 222
(52, 15) 278 139
(0, 61) 65 32
(55, 18) 158 79
(20, 48) 471 235
(3, 24) 402 201
(25, 43) 288 144
(6, 7) 254 127
(64, 26) 241 121
(28, 48) 470 235
(32, 51) 529 264
(31, 5) 262 131
(53, 40) 137 69
(57, 45) 360 179
(40, 19) 286 143
(21, 31) 386 193
(4, 57) 227 114
(43, 14) 173 86
(8, 60) 360 180
(7, 28) 177 89
(65, 61) 130 65
(46, 9) 392 196
(29, 47) 218 109
(33, 20) 346 173
(16, 44) 305 152
(66, 4) 50 25
(36, 39) 81 41
(58, 20) 286 143
(41, 52) 472 236
(61, 41) 268 134
(44, 39) 295 147
(9, 3) 178 89
(48, 34) 526 263
(12, 56) 114 57
(34, 13) 443 222
(15, 29) 148 74
(37, 0) 43 21
(64, 58) 84 42
(24, 11) 333 167
(62, 24) 198 99
(27, 22) 149 75
(49, 5) 380 190
(13, 23) 260 130
(52, 22) 171 86
(0, 52) 284 142
(20, 63) 421 210
(3, 1) 0 0
(23, 66) 283 141
(64, 17) 218 109
(28, 15) 199 100
(50, 28) 578 289
(31, 2) 406 203
(53, 49) 205 103
(1, 43) 322 161
(57, 54) 25 12
(40, 26) 92 46
(21, 24) 125 62
(4, 32) 118 59
(43, 7) 183 92
(8, 35) 188 94
(7, 21) 266 133
(65, 54) 6 3
(46, 16) 304 151
(29, 40) 92 46
(33, 45) 60 30
(16, 35) 262 131
(52, 40) 285 143
(36, 46) 213 107
(58, 31) 443 222
(41, 61) 268 134
(22, 9) 86 43
(61, 34) 314 157
(44, 30) 58 29
(9, 4) 243 121
(66, 47) 135 68
(12, 55) 146 73
(34, 4) 222 111
(15, 26) 148 74
(37, 9) 240 120
(24, 18) 122 61
(62, 3) 272 136
(45, 57) 360 179
(49, 62) 174 87
(13, 16) 170 85
(52, 29) 340 170
(0, 11) 228 114
(38, 24) 224 112
(3, 6) 503 252
(25, 53) 51 26
(28, 6) 111 56
(32, 65) 319 159
(31, 11) 535 268
(53, 58) 0 0
(1, 44) 366 183
(57, 63) 176 88
(40, 1) 255 127
(21, 33) 347 173
(4, 47) 153 76
(8, 42) 238 119
(7, 18) 126 63
(65, 15) 206 103
(46, 27) 348 174
(29, 33) 164 82
(33, 38) 187 94
(16, 26) 94 47
(54, 43) 359 179
(58, 38) 101 50
(41, 38) 285 142
(22, 0) 119 60
(61, 59) 138 69
(44, 21) 399 199
(9, 13) 0 0
(66, 38) 93 47
(12, 46) 445 222
(34, 31) 89 45
(17, 61) 65 32
(50, 66) 392 196
(37, 50) 434 217
(59, 13) 269 134
(24, 25) 203 101
(62, 10) 116 58
(45, 50) 517 258
(10, 20) 410 205
(49, 55) 207 104
(13, 9) 0 0
(0, 2) 222 111
(38, 19) 349 174
(3, 15) 210 105
(40, 64) 215 107
(25, 62) 79 39
(8, 66) 87 44
(28, 29) 173 87
(50, 14) 393 196
(53, 3) 262 131
(1, 37) 280 140
(57, 64) 56 28
(40, 8) 81 41
(21, 42) 432 216
(4, 22) 159 80
(26, 39) 95 48
(7, 11) 246 123
(65, 0) 183 91
(46, 34) 68 34
(29, 58) 158 79
(33, 63) 488 244
(16, 17) 104 52
(54, 34) 432 216
(58, 33) 252 126
(41, 47) 134 67
(22, 27) 149 75
(5, 49) 380 190
(61, 52) 219 110
(44, 12) 451 226
(9, 54) 110 55
(66, 33) 112 56
(47, 1) 224 112
(12, 37) 300 149
(51, 66) 379 189
(34, 22) 370 185
(17, 54) 186 93
(37, 59) 43 21
(59, 2) 219 109
(42, 54) 433 216
(5, 66) 87 44
(62, 13) 104 52
(45, 43) 49 24
(10, 31) 513 256
(49, 40) 313 157
(13, 2) 263 131
(0, 25) 119 60
(38, 10) 108 54
(25, 7) 128 64
(63, 22) 266 133
(28, 20) 301 151
(50, 9) 198 99
(14, 35) 159 79
(53, 12) 169 85
(1, 62) 272 136
(40, 15) 57 29
(21, 51) 499 249
(4, 29) 65 33
(26, 46) 245 122
(7, 0) 29 14
(65, 25) 79 39
(46, 37) 177 88
(29, 51) 411 206
(33, 48) 378 189
(16, 8) 122 61
(54, 37) 220 110
(19, 5) 225 112
(58, 40) 137 69
(41, 16) 304 151
(22, 18) 92 46
(5, 58) 184 92
(44, 11) 412 206
(9, 63) 230 115
(66, 56) 191 95
(47, 14) 132 66
(30, 50) 641 320
(34, 17) 250 125
(17, 47) 132 66
(37, 36) 42 21
(59, 27) 219 109
(42, 49) 543 272
(62, 52) 165 82
(45, 36) 164 82
(10, 6) 469 234
(49, 33) 410 205
(13, 59) 269 134
(50, 22) 274 137
(35, 18) 299 149
(0, 16) 101 50
(38, 13) 108 54
(25, 8) 185 92
(63, 31) 675 337
(28, 19) 302 151
(50, 0) 392 196
(14, 42) 247 123
(53, 21) 287 143
(1, 55) 147 74
(58, 64) 84 42
(21, 60) 433 216
(4, 4) 0 0
(26, 41) 245 122
(65, 18) 78 39
(46, 44) 11 5
(29, 12) 317 158
(51, 35) 512 256
(16, 15) 142 71
(36, 66) 8 4
(19, 10) 411 205
(2, 46) 249 125
(58, 51) 254 127
(41, 25) 325 163
(22, 21) 325 162
(5, 35) 188 94
(44, 2) 260 130
(9, 32) 360 180
(66, 51) 379 189
(47, 23) 417 208
(30, 53) 388 194
(34, 40) 253 126
(17, 32) 168 84
(56, 5) 245 123
(37, 45) 138 69
(59, 16) 169 84
(42, 56) 438 219
(23, 14) 286 143
(6, 66) 272 136
(62, 63) 194 97
(45, 29) 223 112
(10, 1) 166 83
(13, 52) 86 43
(35, 27) 318 159
(0, 23) 283 141
(38, 4) 142 71
(25, 17) 120 60
(63, 4) 403 202
(50, 59) 465 233
(14, 45) 156 78
(53, 30) 388 194
(1, 8) 335 167
(39, 31) 379 189
(4, 3) 297 148
(26, 48) 340 170
(46, 55) 299 150
(29, 5) 42 21
(51, 40) 379 189
(16, 6) 312 156
(54, 55) 149 75
(19, 19) 0 0
(2, 41) 249 125
(58, 58) 0 0
(41, 2) 249 125
(22, 44) 329 165
(5, 44) 201 101
(9, 41) 392 196
(40, 42) 252 126
(47, 28) 188 94
(30, 60) 554 277
(34, 35) 148 74
(17, 25) 120 60
(56, 12) 114 57
(55, 44) 306 153
(59, 41) 135 68
(42, 35) 113 56
(23, 7) 266 133
(62, 38) 131 65
(45, 22) 262 131
(10, 8) 275 137
(13, 45) 320 160
(44, 24) 319 160
(35, 0) 162 81
(18, 56) 108 54
(38, 63) 314 157
(60, 8) 360 180
(25, 26) 170 85
(63, 13) 230 115
(11, 27) 275 137
(50, 50) 0 0
(14, 52) 283 142
(1, 1) 0 0
(39, 20) 252 126
(4, 10) 246 123
(26, 59) 126 63
(46, 62) 393 196
(29, 30) 261 130
(51, 49) 87 43
(54, 14) 186 93
(19, 24) 125 62
(2, 32) 338 169
(41, 11) 405 202
(22, 39) 77 39
(5, 21) 225 112
(27, 40) 155 78
(66, 5) 87 44
(47, 37) 129 64
(30, 39) 326 163
(34, 58) 388 194
(17, 18) 141 70
(56, 19) 342 171
(55, 37) 162 81
(59, 46) 135 68
(42, 42) 0 0
(23, 28) 407 203
(6, 60) 553 277
(62, 41) 393 196
(45, 15) 130 65
(10, 51) 195 97
(32, 12) 421 210
(13, 38) 108 54
(35, 9) 322 161
(18, 51) 291 145
(38, 54) 135 67
(60, 7) 310 155
(43, 57) 379 189
(64, 66) 216 108
(63, 10) 240 120
(11, 16) 218 109
(50, 45) 517 258
(14, 63) 379 189
(18, 66) 138 69
(1, 26) 344 172
(39, 13) 162 81
(26, 2) 321 160
(46, 65) 393 196
(29, 23) 235 118
(51, 54) 216 108
(15, 36) 57 29
(54, 1) 278 139
(19, 33) 347 173
(2, 59) 219 109
(41, 12) 445 222
(22, 62) 79 39
(5, 30) 220 110
(62, 65) 0 0
(27, 33) 259 129
(66, 28) 187 93
(47, 34) 198 99
(30, 46) 68 34
(34, 53) 388 194
(17, 11) 227 113
(56, 26) 222 111
(55, 34) 353 176
(20, 0) 293 147
(59, 39) 158 79
(42, 21) 432 216
(23, 21) 220 110
(6, 55) 393 196
(64, 42) 464 232
(45, 8) 185 92
(10, 58) 124 62
(32, 3) 402 201
(31, 53) 443 222
(35, 14) 159 79
(18, 42) 380 189
(38, 41) 285 142
(60, 30) 554 277
(43, 62) 357 178
(63, 51) 120 60
(11, 9) 55 28
(50, 36) 393 196
(14, 6) 273 137
(36, 23) 277 138
(1, 19) 527 263
(39, 10) 170 85
(26, 13) 256 128
(48, 18) 237 118
(29, 16) 94 47
(51, 63) 120 60
(15, 45) 130 65
(54, 24) 194 97
(19, 38) 349 174
(2, 50) 433 216
(22, 49) 196 98
(5, 7) 63 31
(27, 38) 182 91
(66, 23) 283 141
(27, 56) 164 82
(30, 17) 250 125
(52, 38) 192 96
(17, 12) 257 128
(56, 33) 300 150
(55, 59) 182 91
(20, 15) 342 171
(3, 49) 238 119
(27, 66) 162 81
(42, 28) 132 66
(23, 18) 148 74
(6, 46) 209 105
(64, 33) 326 163
(45, 1) 275 138
(10, 37) 243 121
(32, 26) 125 62
(31, 50) 707 353
(35, 55) 228 114
(18, 37) 165 82
(57, 6) 424 212
(38, 32) 259 129
(60, 21) 433 216
(43, 55) 261 131
(8, 19) 225 112
(63, 56) 192 96
(11, 14) 227 113
(14, 9) 198 99
(36, 30) 253 126
(1, 20) 526 263
(39, 3) 275 138
(26, 20) 195 97
(48, 9) 86 43
(51, 4) 417 208
(15, 42) 234 117
(54, 19) 302 151
(19, 47) 410 205
(2, 13) 263 131
(48, 64) 125 63
(24, 34) 329 165
(5, 0) 87 44
(27, 63) 285 142
(47, 48) 349 174
(30, 24) 329 165
(52, 45) 397 199
(17, 5) 90 45
(56, 40) 190 95
(55, 48) 173 87
(20, 22) 325 162
(3, 54) 278 139
(59, 53) 215 108
(42, 7) 254 127
(23, 43) 447 223
(6, 33) 223 112
(64, 56) 26 13
(10, 44) 396 198
(32, 17) 168 84
(25, 66) 119 60
(35, 60) 442 221
(18, 28) 291 145
(57, 15) 232 115
(40, 49) 313 157
(60, 44) 512 256
(43, 44) 45 23
(8, 26) 42 21
(63, 33) 488 244
(11, 7) 246 123
(14, 16) 104 52
(36, 5) 81 41
(39, 56) 127 64
(61, 11) 166 83
(26, 31) 298 149
(48, 0) 284 142
(12, 30) 499 249
(51, 13) 190 95
(15, 51) 385 192
(56, 64) 26 13
(19, 52) 471 235
(2, 4) 260 130
(24, 41) 322 161
(5, 9) 270 135
(27, 52) 293 147
(47, 57) 326 162
(30, 3) 422 211
(52, 52) 0 0
(56, 47) 296 148
(55, 9) 95 47
(20, 29) 195 97
(3, 63) 399 199
(42, 14) 247 123
(23, 32) 353 176
(6, 24) 251 125
(64, 63) 166 83
(28, 45) 151 76
(32, 40) 163 81
(31, 32) 175 87
(35, 37) 141 71
(18, 23) 148 74
(57, 16) 117 58
(40, 56) 190 95
(60, 43) 470 235
(43, 37) 144 72
(8, 1) 335 167
(7, 59) 81 41
(63, 46) 587 293
(11, 60) 144 72
(33, 15) 100 50
(14, 27) 166 83
(36, 12) 259 129
(39, 49) 266 133
(61, 4) 110 55
(44, 60) 512 256
(48, 7) 298 149
(12, 21) 454 227
(51, 18) 291 145
(15, 56) 206 103
(48, 27) 293 147
(19, 61) 317 158
(2, 31) 406 203
(24, 48) 359 179
(27, 13) 221 111
(49, 24) 372 186
(30, 10) 443 221
(52, 51) 126 63
(0, 41) 210 105
(56, 54) 42 21
(55, 6) 393 196
(20, 36) 286 143
(3, 36) 255 127
(42, 9) 429 215
(23, 57) 131 65
(6, 19) 265 132
(64, 54) 49 24
(28, 36) 186 93
(32, 47) 210 105
(31, 41) 157 78
(35, 42) 113 56
(18, 14) 141 70
(57, 25) 107 53
(40, 63) 374 187
(21, 3) 527 263
(45, 21) 407 203
(43, 26) 219 109
(8, 8) 0 0
(7, 48) 298 149
(65, 41) 393 196
(11, 53) 167 84
(33, 0) 112 56
(16, 56) 128 64
(36, 11) 231 115
(39, 46) 293 146
(61, 29) 138 69
(44, 59) 138 69
(7, 65) 181 91
(48, 62) 165 82
(12, 12) 0 0
(51, 27) 336 168
(15, 1) 210 105
(19, 66) 294 147
(2, 22) 253 127
(24, 55) 256 128
(27, 2) 373 187
(49, 17) 312 156
(30, 13) 443 222
(52, 58) 189 95
(35, 66) 162 81
(0, 32) 166 83
(56, 61) 131 66
(55, 31) 426 213
(20, 35) 409 204
(3, 45) 275 138
(23, 54) 152 76
(6, 10) 469 234
(64, 13) 83 42
(28, 35) 153 76
(32, 38) 259 129
(31, 22) 433 216
(53, 37) 176 88
(18, 9) 163 81
(57, 34) 449 225
(40, 38) 97 48
(21, 12) 454 227
(4, 52) 329 164
(60, 57) 140 70
(43, 19) 389 194
(8, 15) 129 64
(7, 41) 216 108
(65, 34) 431 216
(11, 42) 441 220
(58, 22) 51 26
(33, 25) 226 113
(16, 63) 292 146
(36, 50) 393 196
(58, 3) 262 131
(39, 39) 0 0
(61, 22) 57 29
(44, 50) 596 298
(9, 16) 170 85
(48, 53) 189 95
(12, 11) 48 24
(54, 60) 141 71
(15, 14) 45 23
(37, 29) 89 45
(2, 17) 218 109
(65, 63) 194 97
(24, 62) 198 99
(27, 27) 0 0
(31, 42) 144 72
(49, 10) 116 58
(52, 1) 200 100
(0, 39) 87 43
(31, 33) 225 113
(55, 20) 380 190
(20, 42) 432 216
(3, 18) 304 152
(60, 65) 139 69
(25, 33) 226 113
(6, 13) 465 232
(64, 4) 250 125
(28, 58) 314 157
(32, 61) 228 114
(31, 31) 0 0
(53, 46) 350 175
(18, 0) 138 69
(57, 43) 379 189
(40, 45) 164 82
(21, 21) 0 0
(4, 51) 417 208
(60, 48) 86 43
(43, 8) 177 89
(8, 54) 225 113
(7, 38) 113 56
(65, 59) 258 129
(46, 7) 216 108
(11, 35) 330 165
(33, 18) 246 123
(16, 54) 104 52
(36, 57) 201 100
(58, 10) 124 62
(41, 50) 590 295
(61, 47) 170 85
(44, 41) 11 5
(9, 25) 86 43
(48, 44) 478 239
(12, 2) 289 144
(15, 23) 324 162
(37, 6) 231 115
(20, 66) 293 147
(24, 5) 121 61
(53, 4) 168 84
(62, 22) 79 39
(27, 16) 71 36
(49, 3) 238 119
(13, 29) 256 128
(52, 8) 356 178
(0, 62) 183 91
(20, 49) 478 239
(3, 27) 359 179
(25, 42) 364 182
(6, 4) 223 112
(64, 27) 174 87
(28, 49) 499 249
(32, 52) 446 223
(31, 4) 276 138
(53, 55) 121 61
(57, 44) 417 208
(40, 20) 286 143
(21, 30) 392 196
(4, 58) 168 84
(43, 1) 322 161
(8, 61) 142 71
(7, 31) 307 153
(63, 66) 377 188
(46, 14) 209 104
(29, 46) 245 122
(33, 43) 63 32
(16, 45) 259 129
(36, 32) 163 81
(1, 66) 248 124
(58, 21) 287 143
(41, 59) 135 68
(61, 40) 66 33
(44, 32) 157 79
(9, 2) 263 131
(48, 35) 399 200
(12, 57) 169 84
(34, 10) 443 221
(17, 66) 4 2
(37, 15) 71 35
(24, 12) 339 170
(62, 25) 79 39
(45, 63) 527 264
(49, 4) 355 178
(13, 22) 86 43
(52, 23) 302 151
(0, 53) 140 70
(44, 27) 347 174
(20, 56) 341 171
(3, 0) 248 124
(25, 51) 260 130
(64, 18) 123 61
(28, 8) 135 67
(50, 29) 432 216
(31, 13) 512 256
(53, 48) 189 95
(1, 42) 387 193
(57, 53) 65 32
(40, 27) 155 78
(21, 39) 253 126
(4, 33) 103 51
(43, 6) 219 110
(8, 36) 81 41
(7, 20) 265 133
(65, 53) 43 22
(46, 17) 209 104
(29, 39) 95 48
(33, 44) 103 52
(16, 36) 95 47
(36, 47) 142 71
(58, 28) 314 157
(41, 60) 508 254
(22, 14) 120 60
(61, 33) 169 85
(44, 31) 146 73
(9, 11) 55 28
(66, 44) 214 107
(12, 48) 27 14
(25, 46) 325 163
(34, 5) 220 110
(17, 59) 75 37
(37, 8) 60 30
(24, 19) 125 62
(62, 0) 183 91
(45, 56) 336 168
(49, 61) 248 124
(13, 15) 196 98
(52, 30) 526 263
(0, 12) 257 128
(38, 25) 52 26
(3, 9) 178 89
(25, 52) 171 86
(28, 7) 177 89
(32, 66) 166 83
(31, 10) 513 256
(53, 57) 65 32
(1, 35) 276 138
(57, 62) 30 15
(40, 2) 230 115
(21, 32) 242 121
(4, 40) 45 23
(8, 43) 177 89
(7, 13) 212 106
(65, 14) 185 92
(46, 24) 322 161
(29, 32) 125 62
(33, 37) 82 41
(16, 27) 71 36
(54, 40) 181 91
(2, 66) 222 111
(58, 39) 65 33
(41, 37) 177 88
(22, 1) 212 106
(5, 55) 205 102
(61, 58) 92 46
(44, 22) 329 165
(9, 12) 61 30
(66, 39) 87 43
(12, 47) 322 161
(34, 28) 93 46
(17, 60) 304 152
(37, 49) 355 177
(59, 12) 326 163
(24, 26) 82 41
(62, 11) 159 80
(45, 49) 433 216
(10, 21) 411 205
(49, 54) 178 89
(13, 8) 270 135
(39, 64) 149 74
(0, 3) 248 124
(38, 16) 112 56
(3, 14) 245 123
(25, 61) 57 29
(45, 66) 159 79
(28, 30) 93 46
(50, 15) 394 197
(53, 2) 303 151
(1, 36) 255 127
(40, 9) 199 100
(21, 41) 404 202
(4, 23) 285 142
(26, 36) 92 46
(7, 10) 215 108
(65, 7) 181 91
(46, 35) 81 41
(29, 57) 206 103
(33, 62) 294 147
(16, 18) 38 19
(54, 35) 341 171
(58, 46) 350 175
(41, 46) 0 0
(22, 24) 203 101
(5, 48) 356 178
(61, 51) 315 158
(44, 13) 398 199
(9, 53) 114 57
(66, 62) 183 91
(47, 0) 135 68
(12, 38) 165 83
(34, 23) 496 248
(17, 53) 142 71
(37, 58) 176 88
(59, 5) 89 45
(42, 55) 336 168
(5, 65) 226 113
(62, 50) 237 118
(45, 42) 114 57
(10, 28) 386 193
(49, 47) 385 192
(13, 1) 178 89
(0, 26) 100 50
(38, 11) 135 67
(62, 6) 417 208
(25, 6) 380 189
(64, 43) 388 194
(63, 17) 379 189
(28, 21) 302 151
(50, 6) 649 324
(14, 32) 168 84
(53, 11) 167 84
(1, 61) 210 105
(21, 50) 529 264
(4, 30) 222 111
(26, 47) 218 109
(7, 3) 275 137
(65, 24) 198 99
(46, 42) 39 19
(29, 50) 432 216
(33, 55) 205 102
(16, 9) 170 85
(54, 58) 44 22
(19, 4) 259 129
(58, 41) 350 175
(41, 23) 477 238
(22, 19) 325 162
(5, 57) 238 119
(44, 4) 194 97
(9, 62) 104 52
(66, 57) 204 102
(47, 9) 274 137
(30, 51) 629 315
(34, 46) 68 34
(17, 46) 209 104
(65, 62) 0 0
(37, 35) 141 71
(59, 26) 126 63
(42, 62) 432 215
(62, 53) 43 22
(45, 35) 3 2
(10, 7) 215 108
(49, 32) 472 236
(30, 66) 251 126
(13, 58) 114 57
(35, 21) 410 204
(0, 17) 4 2
(38, 2) 202 101
(59, 60) 378 189
(25, 15) 132 66
(63, 30) 625 312
(50, 1) 314 157
(14, 43) 173 86
(53, 20) 286 143
(1, 54) 278 139
(58, 65) 43 22
(21, 59) 314 157
(4, 5) 39 19
(26, 54) 196 98
(65, 17) 185 92
(46, 45) 82 41
(29, 11) 299 150
(51, 34) 629 315
(16, 0) 101 50
(54, 61) 133 67
(19, 13) 400 200
(2, 47) 130 65
(58, 48) 189 95
(41, 24) 322 161
(22, 42) 364 182
(5, 34) 220 110
(44, 3) 366 183
(9, 39) 162 81
(66, 48) 284 142
(47, 22) 223 112
(30, 58) 388 194
(34, 41) 68 34
(17, 39) 90 45
(56, 6) 438 219
(37, 44) 179 89
(48, 26) 340 170
(59, 19) 314 157
(42, 57) 453 226
(23, 9) 260 130
(62, 60) 139 69
(45, 28) 151 76
(10, 14) 200 100
(13, 51) 190 95
(35, 26) 226 113
(18, 62) 78 39
(38, 5) 175 87
(25, 16) 87 44
(63, 7) 375 187
(50, 56) 211 105
(14, 50) 393 196
(53, 29) 158 79
(1, 15) 210 105
(39, 30) 326 163
(4, 12) 303 151
(26, 49) 361 180
(56, 53) 64 32
(46, 52) 472 236
(29, 4) 65 33
(51, 43) 543 271
(16, 7) 88 44
(54, 52) 170 85
(19, 18) 238 119
(2, 38) 202 101
(58, 59) 215 108
(41, 1) 357 179
(22, 45) 262 131
(5, 43) 177 89
(9, 40) 199 100
(66, 11) 228 114
(47, 31) 284 142
(30, 61) 314 157
(34, 32) 152 76
(17, 24) 177 89
(56, 13) 70 35
(55, 47) 180 90
(59, 40) 78 39
(42, 32) 190 95
(23, 6) 426 213
(6, 58) 376 188
(62, 39) 108 54
(29, 52) 340 170
(10, 9) 13 6
(13, 44) 398 199
(35, 3) 276 138
(18, 57) 83 41
(38, 60) 223 112
(60, 9) 122 61
(25, 25) 0 0
(63, 12) 218 109
(11, 26) 299 150
(50, 51) 36 18
(14, 53) 142 71
(1, 0) 248 124
(39, 23) 198 99
(4, 11) 276 138
(26, 56) 222 111
(46, 63) 587 293
(29, 29) 0 0
(51, 48) 126 63
(54, 15) 209 105
(19, 27) 179 89
(2, 33) 205 103
(41, 10) 390 195
(22, 36) 119 60
(5, 20) 224 112
(27, 43) 318 159
(66, 2) 222 111
(47, 36) 142 71
(30, 36) 253 126
(34, 59) 176 88
(17, 17) 0 0
(56, 20) 341 171
(55, 36) 125 63
(59, 33) 40 20
(42, 43) 76 38
(23, 31) 527 263
(6, 61) 333 167
(62, 46) 393 196
(45, 14) 156 78
(10, 48) 84 42
(32, 13) 360 180
(13, 37) 240 120
(35, 8) 188 94
(18, 48) 237 118
(38, 55) 32 16
(60, 0) 303 152
(43, 56) 362 181
(63, 53) 237 118
(11, 19) 453 226
(50, 42) 627 314
(14, 60) 304 152
(1, 25) 212 106
(39, 12) 222 111
(26, 3) 344 172
(48, 28) 470 235
(29, 22) 170 85
(51, 57) 212 106
(15, 39) 126 63
(54, 6) 415 207
(19, 32) 242 121
(2, 56) 312 156
(22, 63) 266 133
(5, 29) 42 21
(27, 32) 228 114
(66, 29) 100 50
(47, 45) 52 26
(30, 47) 198 99
(34, 50) 641 320
(17, 10) 200 100
(56, 27) 164 82
(55, 61) 66 33
(20, 1) 526 263
(59, 38) 161 80
(42, 18) 380 189
(23, 20) 220 110
(6, 52) 551 275
(31, 40) 314 157
(45, 7) 174 87
(10, 59) 269 134
(32, 4) 118 59
(31, 52) 597 298
(35, 49) 435 217
(18, 43) 309 154
(38, 46) 285 142
(60, 31) 616 308
(43, 49) 468 234
(63, 50) 155 78
(11, 8) 308 154
(50, 37) 434 217
(14, 7) 32 16
(36, 16) 95 47
(1, 18) 304 152
(39, 5) 119 59
(26, 10) 262 131
(48, 19) 471 235
(51, 62) 214 107
(15, 44) 202 101
(54, 25) 83 41
(19, 41) 404 202
(2, 51) 438 219
(22, 54) 83 41
(5, 6) 195 97
(27, 57) 125 62
(66, 20) 293 147
(47, 42) 166 83
(30, 22) 370 185
(52, 39) 245 123
(17, 3) 245 123
(56, 34) 442 221
(55, 58) 121 61
(20, 8) 224 112
(3, 48) 200 100
(59, 63) 452 226
(42, 29) 280 140
(23, 45) 440 220
(6, 47) 299 149
(64, 34) 467 233
(45, 0) 159 79
(10, 34) 443 221
(32, 27) 228 114
(31, 61) 379 189
(35, 54) 341 171
(18, 34) 372 186
(57, 5) 238 119
(38, 33) 187 94
(3, 65) 272 136
(60, 22) 184 92
(43, 54) 359 179
(8, 20) 224 112
(63, 59) 452 226
(11, 1) 136 68
(14, 14) 0 0
(36, 31) 314 157
(39, 2) 286 143
(26, 21) 196 97
(48, 10) 84 42
(40, 66) 8 4
(58, 24) 170 85
(51, 7) 386 193
(15, 53) 167 83
(54, 16) 104 52
(19, 46) 404 202
(2, 10) 254 127
(24, 35) 308 154
(5, 15) 129 64
(27, 62) 130 65
(47, 51) 464 232
(30, 25) 370 185
(52, 46) 472 236
(17, 4) 52 26
(56, 41) 399 200
(55, 51) 285 142
(20, 23) 220 110
(3, 57) 301 151
(59, 52) 353 176
(42, 4) 231 115
(23, 42) 513 257
(6, 38) 365 182
(64, 57) 56 28
(10, 45) 317 158
(32, 18) 247 124
(31, 58) 443 222
(35, 63) 530 265
(18, 29) 124 62
(57, 14) 206 103
(40, 50) 393 196
(60, 45) 439 220
(43, 47) 98 49
(8, 27) 148 74
(7, 61) 80 40
(63, 32) 504 252
(11, 6) 499 249
(14, 17) 0 0
(36, 6) 268 134
(39, 59) 158 79
(61, 10) 136 68
(26, 28) 173 87
(48, 1) 200 100
(12, 31) 570 285
(51, 12) 149 75
(15, 50) 394 197
(56, 65) 36 18
(19, 55) 381 190
(2, 5) 297 148
(24, 42) 356 178
(5, 8) 0 0
(27, 55) 212 106
(47, 56) 296 148
(30, 0) 251 126
(52, 53) 189 95
(56, 48) 130 65
(55, 8) 205 102
(20, 30) 391 196
(3, 62) 272 136
(42, 15) 234 117
(23, 35) 443 221
(6, 25) 380 189
(64, 48) 125 63
(28, 46) 109 55
(32, 41) 163 82
(31, 35) 235 118
(35, 36) 167 84
(18, 20) 238 119
(57, 23) 131 65
(40, 57) 201 100
(60, 36) 303 151
(43, 36) 178 89
(8, 2) 297 148
(7, 58) 138 69
(63, 41) 587 293
(11, 63) 263 131
(33, 14) 110 55
(14, 24) 177 89
(36, 13) 199 100
(39, 48) 245 123
(61, 3) 210 105
(44, 61) 272 136
(48, 56) 130 65
(12, 22) 147 73
(51, 21) 499 249
(15, 59) 78 39
(19, 60) 433 216
(2, 28) 318 159
(24, 49) 372 186
(27, 12) 275 138
(49, 31) 626 313
(30, 11) 461 231
(52, 60) 86 43
(0, 42) 249 124
(56, 55) 128 64
(55, 1) 147 74
(20, 37) 282 141
(3, 39) 275 138
(59, 66) 76 38
(23, 56) 190 95
(6, 16) 312 156
(64, 55) 152 76
(28, 37) 144 72
(32, 32) 0 0
(13, 66) 198 99
(35, 45) 3 2
(18, 15) 176 88
(57, 24) 194 97
(40, 32) 163 81
(21, 2) 516 257
(60, 35) 442 221
(43, 29) 219 109
(8, 9) 270 135
(7, 51) 386 193
(65, 40) 180 90
(11, 52) 73 36
(33, 7) 121 60
(16, 57) 117 58
(36, 52) 285 143
(39, 41) 293 146
(61, 28) 251 125
(44, 52) 478 239
(7, 64) 219 110
(47, 66) 135 68
(48, 63) 206 103
(12, 13) 61 30
(54, 63) 193 96
(51, 26) 411 206
(15, 0) 49 25
(37, 19) 283 141
(2, 23) 475 237
(24, 56) 230 115
(27, 5) 148 74
(49, 16) 269 134
(58, 50) 274 137
(52, 59) 353 176
(0, 33) 112 56
(56, 62) 36 18
(55, 30) 353 176
(20, 44) 398 199
(3, 44) 366 183
(23, 49) 296 148
(6, 11) 499 249
(64, 14) 218 109
(28, 60) 487 243
(32, 39) 211 105
(31, 17) 314 157
(53, 36) 137 69
(18, 6) 342 171
(57, 33) 316 158
(40, 39) 81 41
(21, 11) 453 226
(4, 53) 168 84
(60, 58) 178 89
(43, 18) 309 154
(8, 48) 356 178
(7, 40) 21 10
(65, 33) 294 147
(11, 45) 328 164
(33, 24) 246 123
(16, 48) 251 125
(36, 51) 379 189
(58, 0) 140 70
(39, 38) 97 49
(61, 21) 317 158
(44, 51) 586 293
(9, 23) 260 130
(48, 54) 170 85
(12, 4) 303 151
(15, 9) 196 98
(37, 28) 144 72
(24, 63) 351 176
(27, 26) 106 53
(49, 9) 115 58
(52, 2) 312 156
(0, 56) 191 95
(55, 23) 294 147
(20, 43) 388 194
(3, 21) 527 263
(60, 66) 303 152
(25, 32) 276 138
(6, 2) 428 214
(64, 5) 267 133
(28, 59) 121 61
(32, 62) 319 159
(31, 30) 89 45
(14, 66) 4 2
(53, 45) 295 147
(18, 1) 304 152
(57, 42) 453 226
(40, 46) 213 107
(21, 20) 1 0
(4, 60) 341 170
(60, 49) 61 31
(43, 11) 367 184
(8, 55) 205 102
(7, 33) 121 60
(65, 58) 43 22
(46, 4) 193 97
(11, 34) 461 231
(33, 17) 110 55
(16, 55) 143 71
(36, 58) 137 69
(58, 11) 167 84
(41, 49) 506 253
(61, 46) 268 134
(44, 42) 37 19
(9, 24) 283 141
(48, 45) 397 199
(12, 3) 181 91
(15, 22) 132 66
(37, 5) 60 30
(41, 66) 210 105
(24, 6) 251 125
(62, 23) 158 79
(27, 19) 179 89
(49, 2) 351 176
(13, 28) 384 192
(52, 9) 86 43
(0, 63) 377 188
(20, 50) 529 264
(3, 26) 344 172
(25, 41) 325 163
(6, 5) 195 97
(64, 28) 396 198
(28, 50) 578 289
(32, 53) 276 138
(31, 7) 307 153
(52, 65) 165 82
(53, 54) 44 22
(57, 51) 212 106
(40, 21) 286 143
(21, 29) 196 97
(4, 59) 63 32
(43, 0) 175 88
(8, 62) 226 113
(7, 30) 250 125
(65, 51) 214 107
(46, 15) 196 98
(29, 45) 223 112
(33, 42) 138 69
(16, 46) 304 151
(36, 33) 115 58
(1, 65) 272 136
(58, 18) 49 24
(41, 58) 350 175
(61, 39) 68 34
(44, 33) 103 52
(9, 1) 178 89
(48, 36) 285 143
(12, 58) 169 85
(25, 47) 223 112
(34, 11) 461 231
(17, 65) 185 92
(66, 64) 216 108
(37, 14) 43 22
(24, 13) 283 141
(62, 30) 431 216
(45, 62) 336 168
(49, 59) 384 192
(13, 21) 400 200
(52, 16) 251 125
(0, 54) 184 92
(20, 57) 294 147
(3, 3) 0 0
(25, 50) 274 137
(64, 19) 349 174
(28, 9) 384 192
(50, 26) 432 216
(31, 12) 570 285
(53, 63) 237 118
(1, 41) 357 179
(57, 52) 181 90
(40, 28) 186 93
(21, 38) 349 174
(4, 34) 222 111
(8, 37) 60 30
(7, 23) 266 133
(65, 52) 165 82
(46, 22) 325 163
(29, 38) 172 86
(33, 35) 63 32
(16, 37) 127 63
(36, 40) 0 0
(58, 29) 158 79
(41, 35) 81 41
(22, 15) 132 66
(61, 32) 228 114
(26, 66) 100 50
(9, 10) 13 6
(66, 45) 159 79
(12, 49) 64 32
(34, 2) 317 159
(17, 58) 142 71
(37, 55) 162 81
(24, 20) 125 62
(62, 1) 272 136
(45, 55) 226 113
(49, 60) 61 31
(13, 14) 198 99
(52, 31) 597 298
(39, 65) 108 54
(0, 13) 198 99
(38, 30) 335 168
(3, 8) 335 167
(25, 59) 194 97
(28, 0) 187 93
(50, 21) 529 264
(53, 56) 64 32
(1, 34) 422 211
(57, 61) 156 78
(40, 3) 255 127
(21, 47) 410 205
(4, 41) 193 97
(8, 44) 201 101
(7, 12) 272 136
(65, 13) 104 52
(46, 25) 325 163
(29, 63) 380 190
(33, 36) 115 58
(16, 28) 255 127
(54, 41) 394 197
(58, 36) 137 69
(41, 36) 213 107
(22, 6) 380 189
(5, 54) 225 113
(61, 57) 156 78
(44, 23) 476 238
(9, 51) 190 95
(45, 33) 60 30
(66, 36) 8 4
(12, 40) 259 129
(34, 29) 261 130
(17, 51) 379 190
(37, 48) 326 163
(59, 15) 78 39
(24, 27) 70 35
(62, 8) 226 113
(45, 48) 397 199
(10, 18) 173 86
(49, 53) 205 103
(13, 7) 212 106
(0, 4) 50 25
(38, 17) 92 46
(25, 60) 184 92
(45, 65) 336 168
(28, 31) 130 65
(52, 66) 284 142
(50, 12) 148 74
(53, 1) 262 131
(1, 59) 282 141
(40, 10) 202 101
(21, 40) 286 143
(4, 16) 113 56
(26, 37) 89 45
(7, 5) 63 31
(65, 6) 417 208
(46, 32) 163 82
(29, 56) 222 111
(33, 61) 169 85
(16, 19) 239 119
(54, 32) 318 159
(58, 47) 261 130
(41, 45) 82 41
(22, 25) 0 0
(5, 63) 413 206
(61, 50) 328 164
(44, 14) 212 106
(9, 52) 86 43
(66, 63) 377 188
(47, 3) 224 112
(12, 39) 222 111
(34, 20) 391 196
(17, 52) 283 142
(37, 57) 239 119
(59, 4) 63 32
(42, 52) 509 254
(5, 64) 267 133
(62, 51) 214 107
(45, 41) 82 41
(10, 29) 262 131
(49, 46) 506 253
(13, 0) 198 99
(0, 27) 162 81
(38, 8) 175 87
(25, 5) 185 92
(63, 16) 292 146
(28, 22) 304 152
(50, 7) 402 201
(14, 33) 110 55
(53, 10) 124 62
(1, 60) 279 140
(21, 49) 478 239
(4, 31) 276 138
(26, 44) 243 122
(7, 2) 250 125
(65, 31) 486 243
(46, 43) 38 19
(29, 49) 361 180
(33, 54) 296 148
(16, 10) 178 89
(54, 59) 259 130
(19, 7) 266 133
(58, 54) 44 22
(41, 22) 325 163
(22, 16) 87 44
(5, 56) 245 123
(44, 5) 201 101
(9, 61) 133 67
(40, 40) 0 0
(47, 8) 185 93
(30, 48) 526 263
(34, 47) 198 99
(17, 45) 156 78
(56, 0) 191 95
(37, 34) 212 106
(59, 29) 126 63
(42, 63) 626 312
(62, 58) 43 22
(45, 34) 148 74
(10, 4) 246 123
(49, 39) 266 133
(13, 57) 130 65
(35, 20) 409 204
(0, 18) 138 69
(38, 3) 178 89
(25, 14) 120 60
(63, 25) 266 133
(50, 62) 237 118
(14, 40) 12 6
(53, 19) 287 143
(1, 53) 262 131
(21, 58) 287 143
(4, 6) 223 112
(62, 28) 357 178
(26, 55) 204 102
(42, 66) 249 124
(46, 50) 590 295
(29, 10) 262 131
(51, 37) 420 210
(16, 1) 290 145
(54, 50) 239 120
(19, 12) 454 227
(2, 44) 260 130
(58, 49) 205 103
(41, 31) 157 78
(22, 43) 288 144
(5, 33) 125 62
(9, 38) 108 54
(44, 65) 396 198
(66, 49) 312 156
(47, 17) 132 66
(30, 59) 176 88
(34, 38) 335 168
(17, 38) 92 46
(56, 7) 195 98
(37, 43) 144 72
(59, 18) 207 103
(42, 38) 323 161
(23, 8) 277 138
(6, 64) 460 230
(62, 61) 130 65
(45, 27) 315 157
(10, 15) 195 98
(54, 66) 184 92
(13, 50) 198 99
(35, 29) 226 113
(18, 63) 257 128
(38, 58) 101 50
(52, 64) 125 63
(25, 23) 224 112
(63, 6) 595 297
(50, 57) 238 119
(14, 51) 379 190
(53, 28) 314 157
(1, 14) 245 123
(39, 25) 77 39
(4, 13) 243 121
(26, 62) 198 99
(46, 53) 350 175
(29, 3) 344 172
(51, 42) 619 309
(54, 53) 44 22
(19, 21) 0 0
(2, 39) 286 143
(58, 56) 64 32
(41, 0) 210 105
(22, 34) 370 185
(5, 42) 238 119
(9, 47) 274 137
(66, 8) 87 44
(47, 30) 198 99
(30, 34) 0 0
(34, 33) 149 74
(17, 31) 314 157
(56, 14) 192 96
(55, 46) 299 150
(59, 43) 102 51
(42, 33) 138 69
(23, 1) 430 215
(6, 59) 221 111
(62, 36) 180 90
(45, 20) 406 203
(10, 54) 122 61
(13, 43) 354 177
(35, 2) 171 86
(18, 54) 75 37
(38, 61) 34 17
(60, 10) 129 64
(25, 24) 203 101
(63, 15) 397 199
(11, 29) 299 150
(50, 48) 122 61
(14, 58) 142 71
(1, 7) 275 137
(39, 22) 77 39
(26, 57) 206 103
(46, 60) 508 254
(29, 28) 173 87
(51, 51) 0 0
(54, 12) 155 78
(19, 26) 196 97
(2, 62) 330 165
(41, 9) 392 196
(22, 37) 161 80
(5, 19) 225 112
(27, 42) 384 192
(66, 3) 248 124
(47, 39) 219 110
(30, 37) 212 106
(34, 56) 442 221
(17, 16) 104 52
(56, 21) 342 171
(55, 39) 128 64
(59, 32) 121 61
(42, 40) 252 126
(23, 30) 496 248
(6, 50) 649 324
(62, 47) 300 150
(45, 13) 320 160
(10, 49) 116 58
(47, 43) 98 49
(32, 14) 168 84
(13, 36) 199 100
(35, 11) 330 165
(18, 49) 250 125
(38, 52) 192 96
(60, 1) 279 140
(43, 59) 102 51
(63, 52) 206 103
(11, 18) 216 108
(50, 43) 552 276
(14, 61) 65 32
(18, 64) 123 61
(1, 24) 402 201
(39, 15) 126 63
(26, 0) 100 50
(48, 29) 340 170
(29, 21) 196 97
(51, 56) 191 96
(15, 38) 89 44
(54, 7) 182 91
(19, 35) 410 204
(2, 57) 359 179
(22, 60) 184 92
(5, 28) 135 67
(27, 35) 318 159
(66, 26) 100 50
(47, 44) 142 71
(30, 44) 58 29
(34, 51) 629 315
(17, 9) 198 99
(56, 28) 372 186
(55, 60) 216 108
(20, 2) 515 257
(59, 57) 279 139
(42, 19) 432 216
(23, 23) 0 0
(6, 53) 376 188
(64, 44) 429 214
(45, 6) 262 131
(10, 56) 82 41
(32, 5) 93 46
(31, 55) 426 213
(35, 48) 399 200
(18, 40) 132 66
(57, 3) 301 151
(38, 47) 174 87
(60, 24) 334 167
(43, 48) 434 217
(63, 61) 321 161
(11, 11) 0 0
(50, 34) 641 320
(14, 4) 52 26
(36, 17) 12 6
(1, 17) 245 123
(39, 4) 104 52
(43, 65) 357 178
(26, 11) 299 150
(48, 20) 471 235
(51, 1) 324 162
(15, 47) 95 47
(54, 30) 432 216
(19, 40) 286 143
(2, 48) 312 156
(22, 55) 70 35
(5, 5) 0 0
(9, 66) 198 99
(66, 21) 294 147
(47, 53) 261 130
(30, 23) 496 248
(52, 32) 446 223
(17, 2) 218 109
(56, 35) 339 169
(55, 53) 121 61
(20, 9) 400 200
(3, 51) 324 162
(59, 62) 258 129
(42, 26) 280 140
(23, 44) 476 238
(6, 44) 199 100
(64, 35) 365 182
(10, 35) 319 160
(32, 28) 60 30
(31, 60) 616 308
(35, 57) 363 181
(18, 35) 299 149
(57, 4) 227 114
(38, 38) 0 0
(3, 64) 261 131
(60, 23) 240 120
(43, 41) 38 19
(8, 21) 225 112
(63, 58) 237 118
(11, 0) 228 114
(14, 15) 45 23
(36, 24) 165 83
(39, 61) 68 34
(26, 18) 124 62
(48, 11) 73 36
(51, 6) 629 315
(15, 52) 278 139
(54, 17) 186 93
(19, 49) 478 239
(2, 11) 241 120
(24, 36) 165 83
(5, 14) 90 45
(27, 49) 304 152
(47, 50) 469 234
(30, 30) 0 0
(52, 47) 349 174
(56, 42) 438 219
(55, 50) 291 146
(20, 16) 239 119
(3, 56) 244 122
(59, 55) 182 91
(42, 5) 238 119
(23, 37) 304 152
(6, 39) 311 156
(50, 23) 327 163
(10, 42) 427 214
(32, 19) 242 121
(31, 37) 273 136
(35, 62) 338 169
(18, 26) 124 62
(57, 13) 130 65
(40, 51) 379 189
(60, 46) 508 254
(43, 46) 38 19
(8, 28) 135 67
(7, 60) 310 155
(63, 35) 530 265
(11, 57) 184 92
(14, 22) 120 60
(36, 7) 21 10
(39, 58) 65 33
(61, 9) 133 67
(26, 29) 0 0
(48, 2) 312 156
(12, 24) 339 170
(51, 15) 385 192
(15, 61) 76 38
(56, 66) 191 95
(19, 54) 302 151
(2, 2) 0 0
(24, 43) 298 149
(48, 24) 359 179
(27, 54) 126 63
(10, 66) 200 100
(47, 59) 98 49
(30, 1) 422 211
(52, 54) 170 85
(56, 49) 142 71
(55, 11) 109 55
(20, 31) 386 193
(3, 33) 286 143
(42, 12) 482 241
(23, 34) 496 248
(6, 30) 162 81
(64, 49) 130 65
(28, 47) 188 94
(32, 42) 190 95
(31, 34) 89 45
(35, 39) 248 124
(18, 21) 238 119
(57, 22) 107 53
(40, 58) 137 69
(4, 64) 250 125
(60, 37) 344 172
(43, 39) 259 130
(8, 3) 335 167
(7, 53) 138 69
(63, 40) 374 187
(11, 62) 159 80
(33, 13) 295 148
(14, 25) 120 60
(53, 66) 140 70
(36, 14) 12 6
(39, 51) 318 159
(61, 2) 220 110
(44, 62) 396 198
(48, 57) 181 90
(12, 23) 295 148
(54, 62) 6 3
(51, 20) 499 249
(15, 58) 167 83
(19, 63) 421 210
(2, 29) 321 160
(24, 50) 432 216
(27, 15) 208 104
(49, 30) 558 279
(30, 8) 220 110
(52, 61) 219 110
(0, 43) 175 88
(56, 56) 0 0
(55, 0) 121 60
(20, 38) 348 174
(3, 38) 178 89
(23, 59) 346 173
(6, 17) 273 137
(64, 8) 267 133
(28, 38) 278 139
(32, 33) 134 67
(13, 65) 104 52
(35, 44) 91 45
(18, 12) 218 109
(57, 31) 500 250
(40, 33) 115 58
(21, 1) 527 263
(60, 60) 0 0
(43, 28) 110 55
(8, 10) 275 137
(7, 50) 402 201
(65, 47) 300 150
(11, 55) 109 55
(33, 6) 223 112
(16, 58) 65 32
(36, 53) 137 69
(58, 6) 376 188
(39, 40) 81 41
(61, 27) 155 78
(44, 53) 353 177
(48, 48) 0 0
(12, 14) 257 128
(51, 29) 411 206
(15, 3) 210 105
(37, 18) 165 82
(2, 20) 515 257
(24, 57) 194 97
(27, 4) 156 78
(49, 23) 296 148
(52, 4) 329 164
(0, 34) 251 126
(56, 63) 192 96
(55, 25) 70 35
(20, 45) 406 203
(3, 47) 224 112
(23, 48) 302 151
(6, 8) 195 97
(64, 15) 232 116
(28, 61) 251 125
(32, 56) 338 169
(31, 16) 384 192
(53, 35) 298 149
(18, 7) 126 63
(57, 32) 330 165
(38, 66) 93 47
(21, 10) 411 205
(4, 54) 211 106
(60, 59) 378 189
(43, 21) 389 194
(8, 49) 380 190
(7, 43) 183 92
(65, 32) 319 159
(46, 2) 249 125
(11, 44) 412 206
(33, 31) 225 113
(16, 49) 269 134
(36, 60) 303 151
(58, 1) 262 131
(39, 33) 196 98
(61, 20) 316 158
(44, 44) 0 0
(9, 22) 86 43
(48, 55) 173 87
(12, 5) 331 165
(16, 64) 148 74
(15, 8) 129 64
(37, 27) 177 88
(24, 0) 173 87
(27, 29) 106 53
(49, 8) 380 190
(52, 3) 200 100
(0, 57) 204 102
(55, 22) 70 35
(20, 52) 471 235
(3, 20) 526 263
(25, 39) 77 39
(6, 3) 503 252
(64, 6) 460 230
(28, 52) 470 235
(32, 63) 504 252
(31, 25) 433 216
(53, 44) 353 177
(57, 41) 414 207
(40, 47) 142 71
(21, 19) 0 0
(4, 61) 110 55
(60, 50) 98 49
(43, 10) 352 176
(8, 56) 245 123
(7, 32) 149 74
(65, 57) 30 15
(46, 5) 203 101
(11, 37) 270 135
(33, 16) 208 104
(16, 40) 95 47
(36, 59) 78 39
(58, 8) 184 92
(41, 48) 472 236
(61, 45) 206 103
(44, 43) 45 23
(9, 31) 512 256
(48, 46) 472 236
(12, 60) 98 49
(15, 17) 45 23
(37, 4) 24 12
(41, 65) 393 196
(24, 7) 146 73
(31, 59) 244 122
(62, 20) 306 153
(27, 18) 59 30
(49, 1) 238 119
(13, 27) 221 111
(52, 10) 84 42
(0, 48) 284 142
(20, 51) 499 249
(3, 29) 344 172
(25, 40) 119 60
(64, 29) 241 121
(28, 51) 563 281
